# unix_time, cycles_done, cur_path, paths_total, pending_total, pending_favs, map_size, unique_crashes, unique_hangs, max_depth, execs_per_sec
1683242380, 0, 0, 1, 1, 1, 0.07%, 0, 0, 1, 0.00
1683242385, 0, 0, 74, 74, 1, 0.16%, 0, 0, 2, 1241.16
1683242391, 0, 0, 97, 97, 1, 0.20%, 0, 0, 2, 1250.17
1683242396, 0, 0, 105, 105, 1, 0.20%, 0, 0, 2, 1206.21
1683242401, 0, 0, 118, 118, 1, 0.22%, 0, 0, 2, 1077.85
1683242406, 0, 0, 125, 125, 1, 0.23%, 0, 0, 2, 1189.68
1683242411, 0, 4, 130, 129, 27, 0.24%, 0, 0, 3, 1195.71
1683242416, 0, 6, 135, 133, 27, 0.24%, 0, 0, 3, 1089.59
1683242421, 0, 6, 137, 135, 27, 0.24%, 0, 0, 3, 1162.71
1683242426, 0, 6, 144, 142, 27, 0.25%, 0, 0, 3, 1050.10
1683242431, 0, 6, 149, 147, 27, 0.25%, 0, 0, 3, 920.23
1683242436, 0, 6, 151, 149, 27, 0.25%, 0, 0, 3, 963.92
1683242441, 0, 6, 154, 152, 27, 0.25%, 0, 0, 3, 1023.26
1683242446, 0, 10, 158, 154, 30, 0.25%, 0, 0, 3, 983.42
1683242451, 0, 26, 159, 152, 27, 0.25%, 0, 0, 3, 934.76
1683242457, 0, 36, 165, 157, 26, 0.26%, 0, 0, 3, 1037.21
1683242462, 0, 36, 171, 163, 26, 0.27%, 0, 0, 3, 889.63
1683242467, 0, 36, 173, 165, 26, 0.27%, 0, 0, 3, 943.04
1683242472, 0, 36, 178, 170, 26, 0.27%, 0, 0, 3, 938.72
1683242477, 0, 36, 179, 171, 26, 0.27%, 0, 0, 3, 898.18
1683242482, 0, 36, 181, 173, 26, 0.27%, 0, 0, 3, 884.57
1683242487, 0, 36, 184, 176, 26, 0.28%, 0, 0, 3, 970.30
1683242492, 0, 42, 185, 175, 30, 0.28%, 0, 0, 3, 1001.63
1683242497, 0, 42, 190, 180, 30, 0.28%, 0, 0, 3, 1031.98
1683242502, 0, 42, 195, 185, 30, 0.29%, 0, 0, 3, 942.41
1683242507, 0, 42, 198, 188, 30, 0.30%, 0, 0, 3, 977.95
1683242512, 0, 42, 201, 191, 30, 0.30%, 0, 0, 3, 1008.24
