# unix_time, cycles_done, cur_path, paths_total, pending_total, pending_favs, map_size, unique_crashes, unique_hangs, max_depth, execs_per_sec
1683120396, 0, 0, 1, 1, 1, 2.81%, 0, 0, 1, 150.94
1683120401, 0, 0, 2, 2, 1, 2.82%, 0, 0, 2, 283.44
1683120406, 0, 0, 55, 55, 1, 3.25%, 0, 0, 2, 262.51
1683120411, 0, 0, 94, 94, 1, 3.31%, 0, 0, 2, 239.82
1683120416, 0, 0, 122, 122, 1, 3.37%, 0, 0, 2, 231.78
1683120421, 0, 0, 127, 127, 1, 3.39%, 0, 0, 2, 236.37
1683120457, 0, 0, 128, 128, 1, 3.39%, 0, 0, 2, 246.60
1683120462, 0, 0, 133, 133, 1, 3.39%, 0, 0, 2, 242.29
1683120498, 0, 0, 150, 150, 1, 3.65%, 0, 0, 2, 220.67
1683120503, 0, 0, 175, 175, 1, 3.65%, 0, 0, 2, 218.75
1683120508, 0, 0, 193, 193, 1, 3.68%, 0, 0, 2, 233.60
1683120513, 0, 0, 207, 207, 1, 3.71%, 0, 0, 2, 239.44
1683120518, 0, 0, 217, 217, 1, 3.71%, 0, 0, 2, 231.66
1683120523, 0, 0, 224, 224, 1, 3.71%, 0, 0, 2, 229.21
1683120569, 0, 0, 226, 226, 1, 3.71%, 0, 0, 2, 281.39
1683120600, 0, 0, 237, 237, 1, 3.71%, 0, 0, 2, 285.95
1683120605, 0, 0, 242, 242, 1, 3.71%, 0, 0, 2, 280.55
1683120610, 0, 0, 246, 246, 1, 3.71%, 0, 0, 2, 278.20
1683120615, 0, 0, 249, 249, 1, 3.71%, 0, 0, 2, 280.53
1683120655, 0, 0, 250, 250, 1, 3.71%, 0, 0, 2, 269.93
1683120680, 0, 0, 252, 252, 1, 3.71%, 0, 0, 2, 324.34
1683120685, 0, 0, 253, 253, 1, 3.72%, 0, 0, 2, 312.91
1683120690, 0, 0, 255, 255, 1, 3.72%, 0, 0, 2, 293.91
1683120701, 0, 0, 256, 256, 1, 3.72%, 0, 0, 2, 282.73
1683120706, 0, 0, 261, 261, 1, 3.72%, 0, 0, 2, 287.20
1683120711, 0, 0, 264, 264, 1, 3.72%, 0, 0, 2, 299.68
1683120721, 0, 0, 266, 266, 1, 3.72%, 0, 0, 2, 267.54
1683120726, 0, 0, 267, 267, 1, 3.72%, 0, 0, 2, 256.61
1683120736, 0, 0, 270, 270, 1, 3.72%, 0, 0, 2, 280.85
1683120741, 0, 0, 275, 275, 1, 3.72%, 0, 0, 2, 270.38
1683120746, 0, 0, 280, 280, 1, 3.72%, 0, 0, 2, 266.61
1683120751, 0, 0, 281, 281, 1, 3.72%, 0, 0, 2, 271.18
1683120761, 0, 0, 282, 282, 1, 3.72%, 0, 0, 2, 269.06
1683120771, 0, 0, 283, 283, 1, 3.72%, 0, 0, 2, 233.45
1683120777, 0, 0, 286, 286, 1, 3.73%, 0, 0, 2, 223.58
1683120787, 0, 0, 287, 287, 1, 3.73%, 0, 0, 2, 237.60
1683120802, 0, 0, 288, 288, 1, 3.73%, 0, 0, 2, 239.03
1683120823, 0, 0, 290, 290, 1, 3.74%, 0, 0, 2, 239.24
1683120828, 0, 0, 291, 291, 1, 3.74%, 0, 0, 2, 233.28
1683120843, 0, 0, 292, 292, 1, 3.74%, 0, 0, 2, 213.37
1683120858, 0, 0, 293, 293, 1, 3.74%, 0, 0, 2, 222.34
1683120863, 0, 0, 294, 294, 1, 3.74%, 0, 0, 2, 221.95
1683120883, 0, 0, 297, 297, 1, 3.74%, 0, 0, 2, 218.54
1683120889, 0, 0, 299, 299, 1, 3.74%, 0, 0, 2, 207.81
1683120894, 0, 0, 300, 300, 1, 3.74%, 0, 0, 2, 224.01
1683120899, 0, 0, 303, 303, 1, 3.74%, 0, 0, 2, 261.82
1683120934, 0, 0, 304, 304, 1, 3.74%, 0, 0, 2, 285.24
1683120944, 0, 0, 306, 306, 1, 3.74%, 0, 0, 2, 254.32
1683121071, 0, 0, 308, 308, 1, 3.74%, 0, 0, 2, 251.29
1683121173, 0, 0, 312, 312, 1, 3.74%, 0, 0, 2, 282.53
1683121189, 0, 0, 314, 314, 1, 3.74%, 0, 0, 2, 279.49
1683121194, 0, 0, 315, 315, 1, 3.75%, 0, 0, 2, 270.94
1683121209, 0, 0, 316, 316, 1, 3.75%, 0, 0, 2, 265.05
1683121214, 0, 0, 317, 317, 1, 3.75%, 0, 0, 2, 289.69
1683121224, 0, 0, 362, 362, 1, 3.77%, 0, 0, 2, 312.38
1683121229, 0, 0, 428, 428, 1, 3.82%, 0, 0, 2, 256.87
1683121234, 0, 0, 461, 461, 1, 3.82%, 0, 0, 2, 257.20
1683121239, 0, 0, 474, 474, 1, 3.83%, 0, 0, 2, 221.13
1683121244, 0, 0, 484, 484, 1, 3.83%, 0, 0, 2, 221.07
1683121249, 0, 0, 488, 488, 1, 3.84%, 0, 0, 2, 207.89
1683121255, 0, 0, 492, 492, 1, 3.84%, 0, 0, 2, 233.89
1683121260, 0, 0, 498, 498, 1, 3.85%, 0, 0, 2, 245.96
1683121265, 0, 0, 504, 504, 1, 3.85%, 0, 0, 2, 254.18
1683121270, 0, 0, 507, 507, 1, 3.85%, 0, 0, 2, 247.76
1683121275, 0, 0, 512, 512, 1, 3.85%, 0, 0, 2, 229.37
1683121280, 0, 0, 517, 517, 1, 3.85%, 0, 0, 2, 219.54
1683121285, 0, 0, 522, 522, 1, 3.85%, 0, 0, 2, 225.51
1683121290, 0, 0, 524, 524, 1, 3.85%, 0, 0, 2, 222.57
1683121295, 0, 0, 528, 528, 1, 3.85%, 0, 0, 2, 236.36
1683121300, 0, 0, 530, 530, 1, 3.86%, 0, 0, 2, 238.98
1683121306, 0, 0, 535, 535, 1, 3.86%, 0, 0, 2, 223.93
1683121311, 0, 0, 537, 537, 1, 3.86%, 0, 0, 2, 226.01
1683121316, 0, 0, 542, 542, 1, 3.86%, 0, 0, 2, 227.88
1683121326, 0, 0, 546, 546, 1, 3.86%, 0, 0, 2, 225.92
1683121331, 0, 0, 549, 549, 1, 3.86%, 0, 0, 2, 237.54
1683121336, 0, 0, 552, 552, 1, 3.86%, 0, 0, 2, 227.14
1683121341, 0, 0, 556, 556, 1, 3.86%, 0, 0, 2, 228.63
1683121346, 0, 0, 559, 559, 1, 3.87%, 0, 0, 2, 241.39
1683121351, 0, 0, 562, 562, 1, 3.87%, 0, 0, 2, 239.26
1683121357, 0, 0, 566, 566, 1, 3.87%, 0, 0, 2, 239.24
1683121362, 0, 0, 570, 570, 1, 3.88%, 0, 0, 2, 232.52
1683121367, 0, 0, 572, 572, 1, 3.89%, 0, 0, 2, 243.67
1683121372, 0, 7, 573, 572, 74, 3.89%, 0, 0, 2, 235.02
1683121926, 0, 22, 573, 571, 73, 3.89%, 0, 0, 2, 247.01
1683122408, 0, 22, 574, 572, 73, 3.89%, 0, 0, 3, 304.02
1683122413, 0, 22, 575, 573, 73, 3.89%, 0, 0, 3, 310.20
1683122423, 0, 36, 575, 572, 72, 3.89%, 0, 0, 3, 288.59
1683122434, 0, 36, 576, 573, 72, 3.89%, 0, 0, 3, 270.26
1683123237, 0, 36, 579, 576, 72, 3.90%, 0, 0, 3, 263.97
1683123242, 0, 36, 580, 577, 72, 3.90%, 0, 0, 3, 251.65
1683123257, 0, 36, 582, 579, 72, 3.90%, 0, 0, 3, 262.38
1683123262, 0, 36, 583, 580, 72, 3.90%, 0, 0, 3, 267.61
1683123272, 0, 36, 585, 582, 72, 3.90%, 0, 0, 3, 330.83
1683123277, 0, 36, 587, 584, 72, 3.90%, 0, 0, 3, 327.58
1683123282, 0, 36, 588, 585, 72, 3.90%, 0, 0, 3, 299.41
1683123292, 0, 36, 590, 587, 72, 3.90%, 0, 0, 3, 239.02
1683123303, 0, 36, 591, 588, 72, 3.90%, 0, 0, 3, 240.92
1683123308, 0, 36, 592, 589, 72, 3.90%, 0, 0, 3, 258.55
1683123313, 0, 36, 593, 590, 72, 3.90%, 0, 0, 3, 249.30
1683123328, 0, 36, 594, 591, 72, 3.90%, 0, 0, 3, 258.39
1683123338, 0, 36, 597, 594, 72, 3.92%, 0, 0, 3, 264.11
1683123343, 0, 36, 598, 595, 72, 3.92%, 0, 0, 3, 260.83
1683123348, 0, 36, 599, 596, 72, 3.92%, 0, 0, 3, 266.49
1683123358, 0, 64, 599, 595, 76, 3.92%, 0, 0, 3, 248.99
1683124177, 0, 64, 600, 596, 76, 3.92%, 0, 0, 3, 251.78
1683124182, 0, 64, 603, 599, 76, 3.92%, 0, 0, 3, 255.16
1683124187, 0, 64, 604, 600, 76, 3.92%, 0, 0, 3, 269.70
1683124192, 0, 64, 605, 601, 76, 3.92%, 0, 0, 3, 270.38
1683124197, 0, 64, 606, 602, 76, 3.92%, 0, 0, 3, 265.12
1683124203, 0, 64, 607, 603, 76, 3.92%, 0, 0, 3, 251.56
1683124213, 0, 64, 608, 604, 76, 3.92%, 0, 0, 3, 256.48
1683124218, 0, 64, 609, 605, 76, 3.92%, 0, 0, 3, 245.12
1683124228, 0, 64, 610, 606, 76, 3.92%, 0, 0, 3, 257.00
1683124233, 0, 64, 612, 608, 76, 3.92%, 0, 0, 3, 254.53
1683124238, 0, 64, 613, 609, 76, 3.92%, 0, 0, 3, 244.05
1683124243, 0, 64, 614, 610, 76, 3.92%, 0, 0, 3, 243.88
1683124274, 0, 64, 616, 612, 76, 3.92%, 0, 0, 3, 230.35
1683124279, 0, 64, 618, 614, 76, 3.92%, 0, 0, 3, 256.70
1683124284, 0, 64, 619, 615, 76, 3.92%, 0, 0, 3, 281.07
1683124294, 0, 64, 620, 616, 76, 3.93%, 0, 0, 3, 250.40
1683124299, 0, 64, 621, 617, 76, 3.93%, 0, 0, 3, 246.45
1683124304, 0, 68, 623, 618, 74, 3.93%, 0, 0, 3, 245.74
1683124315, 0, 68, 624, 619, 74, 3.93%, 0, 0, 3, 261.69
1683125437, 0, 68, 626, 621, 74, 3.93%, 0, 0, 3, 246.20
1683125442, 0, 68, 628, 623, 74, 3.93%, 0, 0, 3, 240.78
1683125447, 0, 68, 629, 624, 74, 3.93%, 0, 0, 3, 258.56
1683125452, 0, 68, 631, 626, 74, 3.93%, 0, 0, 3, 257.85
1683125457, 0, 68, 632, 627, 74, 3.93%, 0, 0, 3, 255.61
1683125473, 0, 68, 633, 628, 74, 3.93%, 0, 0, 3, 249.61
1683125483, 0, 68, 634, 629, 74, 3.93%, 0, 0, 3, 255.58
1683125488, 0, 68, 635, 630, 74, 3.93%, 0, 0, 3, 255.15
1683125513, 0, 68, 636, 631, 74, 3.93%, 0, 0, 3, 240.83
1683125518, 0, 68, 637, 632, 74, 3.93%, 0, 0, 3, 244.08
1683125544, 0, 68, 638, 633, 74, 3.93%, 0, 0, 3, 249.69
1683125554, 0, 68, 641, 636, 74, 3.93%, 0, 0, 3, 223.99
1683125559, 0, 68, 642, 637, 74, 3.93%, 0, 0, 3, 220.52
1683125564, 0, 68, 643, 638, 74, 3.93%, 0, 0, 3, 225.03
1683125569, 0, 75, 643, 637, 75, 3.93%, 0, 0, 3, 245.37
1683126315, 0, 95, 643, 636, 74, 3.93%, 0, 0, 3, 253.94
1683127102, 0, 99, 643, 635, 73, 3.93%, 0, 0, 3, 238.33
1683127112, 0, 99, 645, 637, 73, 3.93%, 0, 0, 3, 249.84
1683127214, 0, 99, 646, 638, 73, 3.93%, 0, 0, 3, 245.77
1683127946, 0, 105, 646, 637, 72, 3.93%, 0, 0, 3, 282.23
1683128650, 0, 105, 647, 638, 72, 3.93%, 0, 0, 3, 320.91
1683128655, 0, 118, 647, 637, 72, 3.93%, 0, 0, 3, 333.30
1683129411, 0, 118, 648, 638, 72, 3.93%, 0, 0, 3, 294.02
1683129422, 0, 118, 650, 640, 72, 3.93%, 0, 0, 3, 300.71
1683129427, 0, 118, 651, 641, 72, 3.93%, 0, 0, 3, 301.88
1683129432, 0, 118, 652, 642, 72, 3.93%, 0, 0, 3, 297.03
1683129447, 0, 118, 653, 643, 72, 3.93%, 0, 0, 3, 297.95
1683129452, 0, 118, 654, 644, 72, 3.93%, 0, 0, 3, 289.98
1683129457, 0, 118, 655, 645, 72, 3.93%, 0, 0, 3, 283.85
1683129468, 0, 118, 656, 646, 72, 3.94%, 0, 0, 3, 282.68
1683129473, 0, 118, 657, 647, 72, 3.94%, 0, 0, 3, 291.19
1683129483, 0, 118, 658, 648, 72, 3.94%, 0, 0, 3, 271.94
1683129493, 0, 120, 658, 647, 73, 3.94%, 0, 0, 3, 274.04
1683130131, 0, 120, 659, 648, 73, 3.94%, 0, 0, 3, 343.61
1683130136, 0, 120, 660, 649, 73, 3.94%, 0, 0, 3, 311.17
1683130141, 0, 137, 660, 648, 72, 3.94%, 0, 0, 3, 365.93
1683130213, 0, 137, 661, 649, 72, 3.94%, 0, 0, 3, 323.74
1683130597, 0, 137, 662, 650, 72, 3.94%, 0, 0, 3, 339.97
1683131205, 0, 139, 662, 649, 73, 3.94%, 0, 0, 3, 385.05
1683131261, 0, 139, 665, 652, 73, 3.95%, 0, 0, 3, 346.66
1683131903, 0, 143, 665, 651, 75, 3.95%, 0, 0, 3, 284.41
1683131985, 0, 143, 666, 652, 75, 3.95%, 0, 0, 3, 373.23
1683132391, 0, 143, 667, 653, 75, 3.95%, 0, 0, 3, 366.83
1683132396, 0, 143, 668, 654, 75, 3.95%, 0, 0, 3, 354.30
1683133079, 0, 145, 668, 653, 74, 3.95%, 0, 0, 3, 344.77
1683133624, 0, 145, 669, 654, 74, 3.95%, 0, 0, 3, 318.40
1683134290, 0, 145, 670, 655, 74, 3.95%, 0, 0, 3, 191.34
1683134300, 0, 165, 670, 654, 74, 3.95%, 0, 0, 3, 183.31
1683135717, 0, 171, 670, 653, 73, 3.95%, 0, 0, 3, 272.12
1683136921, 0, 233, 670, 652, 72, 3.95%, 0, 0, 3, 314.01
1683138155, 0, 238, 670, 651, 71, 3.95%, 0, 0, 3, 315.81
1683138307, 0, 238, 672, 653, 71, 3.95%, 0, 0, 3, 328.16
1683138669, 0, 238, 674, 655, 71, 3.95%, 0, 0, 3, 286.33
1683138771, 0, 238, 675, 656, 71, 3.95%, 0, 0, 3, 287.60
1683139366, 0, 239, 675, 655, 70, 3.95%, 0, 0, 3, 292.02
1683139970, 0, 239, 676, 656, 70, 3.95%, 0, 0, 3, 234.94
1683140712, 0, 239, 677, 657, 70, 3.95%, 0, 0, 3, 212.52
1683140722, 0, 259, 677, 656, 69, 3.95%, 0, 0, 3, 268.32
1683141977, 0, 261, 677, 655, 69, 3.95%, 0, 0, 3, 283.30
1683142470, 0, 272, 677, 654, 68, 3.95%, 0, 0, 3, 361.78
1683143120, 0, 283, 677, 653, 67, 3.95%, 0, 0, 3, 305.18
1683143130, 0, 283, 678, 654, 67, 3.95%, 0, 0, 3, 316.48
1683143864, 0, 284, 678, 653, 66, 3.95%, 0, 0, 3, 234.88
1683144691, 0, 284, 679, 654, 66, 3.95%, 0, 0, 3, 274.08
1683144696, 0, 285, 679, 653, 66, 3.95%, 0, 0, 3, 277.76
1683144711, 0, 285, 680, 654, 66, 3.95%, 0, 0, 3, 206.59
1683145355, 0, 289, 680, 653, 65, 3.95%, 0, 0, 3, 349.51
1683146624, 0, 303, 680, 652, 64, 3.95%, 0, 0, 3, 353.00
1683147294, 0, 314, 680, 651, 63, 3.95%, 0, 0, 3, 272.83
1683147304, 0, 314, 681, 652, 63, 3.95%, 0, 0, 3, 268.93
