# unix_time, cycles_done, cur_path, paths_total, pending_total, pending_favs, map_size, unique_crashes, unique_hangs, max_depth, execs_per_sec
1683466138, 0, 0, 1, 1, 1, 0.05%, 0, 0, 1, 727.27
1683466143, 0, 0, 84, 84, 1, 0.16%, 0, 0, 2, 1340.75
1683466148, 0, 0, 113, 113, 1, 0.17%, 0, 0, 2, 1458.07
1683466154, 0, 0, 123, 123, 1, 0.17%, 0, 0, 2, 1490.25
1683466159, 0, 0, 130, 130, 1, 0.17%, 0, 0, 2, 1489.56
1683466164, 0, 14, 138, 137, 19, 0.18%, 0, 0, 3, 1489.96
1683466169, 0, 14, 143, 142, 19, 0.21%, 0, 0, 3, 1495.82
1683466174, 0, 14, 146, 145, 19, 0.21%, 0, 0, 3, 1504.55
1683466179, 0, 14, 152, 151, 19, 0.22%, 0, 0, 3, 1500.47
1683466184, 0, 14, 156, 155, 19, 0.22%, 0, 0, 3, 1503.28
1683466189, 0, 23, 157, 154, 17, 0.22%, 0, 0, 3, 1491.92
1683466194, 0, 24, 167, 163, 16, 0.23%, 0, 0, 3, 1479.42
1683466199, 0, 24, 174, 170, 16, 0.24%, 0, 0, 3, 1480.98
1683466204, 0, 24, 179, 175, 16, 0.24%, 0, 0, 3, 1455.73
1683466209, 0, 24, 185, 181, 16, 0.24%, 0, 0, 3, 1463.04
1683466214, 0, 27, 185, 180, 22, 0.24%, 0, 0, 3, 1473.04
1683466219, 0, 64, 189, 181, 19, 0.26%, 0, 0, 3, 1483.41
1683466224, 0, 64, 194, 186, 19, 0.27%, 0, 0, 3, 1480.88
1683466230, 0, 64, 196, 188, 19, 0.27%, 0, 0, 3, 1480.78
1683466235, 0, 64, 197, 189, 19, 0.28%, 0, 0, 3, 1481.70
1683466240, 0, 64, 199, 191, 19, 0.28%, 0, 0, 3, 1482.01
1683466245, 0, 85, 199, 189, 24, 0.28%, 0, 0, 3, 1486.81
1683466250, 0, 120, 199, 186, 21, 0.28%, 0, 0, 3, 1479.66
1683466255, 0, 130, 201, 186, 19, 0.28%, 0, 0, 3, 1435.72
1683466260, 0, 130, 207, 192, 19, 0.28%, 0, 0, 3, 1412.27
1683466265, 0, 130, 214, 199, 19, 0.28%, 0, 0, 3, 1434.56
1683466270, 0, 130, 216, 201, 19, 0.28%, 0, 0, 3, 1438.21
1683466275, 0, 130, 217, 202, 19, 0.28%, 0, 0, 3, 1444.91
1683466280, 0, 140, 218, 202, 19, 0.28%, 0, 0, 3, 1422.80
1683466285, 0, 140, 220, 204, 19, 0.28%, 0, 0, 4, 1363.76
1683466291, 0, 146, 221, 203, 18, 0.28%, 0, 0, 4, 1423.63
1683466296, 0, 148, 221, 202, 18, 0.28%, 0, 0, 4, 1412.23
1683466301, 0, 160, 221, 200, 16, 0.28%, 0, 0, 4, 1414.11
1683466306, 0, 163, 223, 201, 15, 0.28%, 0, 0, 4, 1323.77
1683466311, 0, 164, 223, 200, 14, 0.28%, 0, 0, 4, 1197.41
1683466321, 0, 165, 224, 200, 13, 0.28%, 0, 0, 4, 1138.42
1683466326, 0, 165, 227, 203, 13, 0.28%, 0, 0, 4, 1201.45
1683466331, 0, 165, 232, 208, 13, 0.28%, 0, 0, 4, 1236.93
1683466341, 0, 165, 234, 210, 13, 0.28%, 0, 0, 4, 1288.97
1683466346, 0, 168, 236, 211, 12, 0.29%, 0, 0, 4, 1284.07
1683466351, 0, 170, 238, 212, 12, 0.29%, 0, 0, 4, 1206.27
1683466356, 0, 176, 239, 212, 12, 0.29%, 0, 0, 4, 1340.10
1683466361, 0, 185, 241, 213, 11, 0.29%, 0, 0, 4, 1406.52
1683466367, 0, 185, 246, 218, 11, 0.30%, 0, 0, 4, 1463.82
1683466372, 0, 185, 248, 220, 11, 0.30%, 0, 0, 4, 1473.83
1683466387, 0, 186, 248, 219, 15, 0.30%, 0, 0, 4, 1321.05
1683466392, 0, 187, 259, 229, 14, 0.33%, 3, 0, 4, 1327.36
1683466397, 0, 187, 268, 238, 14, 0.34%, 4, 0, 4, 1330.06
1683466402, 0, 187, 268, 238, 14, 0.34%, 5, 0, 4, 1326.88
1683466407, 0, 187, 272, 242, 14, 0.35%, 5, 0, 4, 1337.57
1683466412, 0, 196, 281, 250, 19, 0.35%, 5, 0, 4, 1362.04
1683466417, 0, 196, 284, 253, 19, 0.35%, 5, 0, 4, 1345.80
1683466423, 0, 196, 285, 254, 19, 0.35%, 5, 0, 4, 1354.03
1683466433, 0, 196, 287, 256, 19, 0.35%, 5, 0, 4, 1405.09
1683466438, 0, 200, 288, 256, 21, 0.35%, 5, 0, 4, 1262.43
1683466443, 0, 218, 289, 256, 21, 0.36%, 5, 0, 4, 1268.12
1683466453, 0, 232, 290, 256, 20, 0.36%, 5, 0, 5, 1287.93
1683466463, 0, 232, 293, 259, 20, 0.36%, 5, 0, 5, 1277.19
1683466468, 0, 232, 298, 264, 20, 0.36%, 5, 0, 5, 1292.88
1683466473, 0, 232, 300, 266, 20, 0.36%, 5, 0, 5, 1023.31
1683466478, 0, 232, 302, 268, 20, 0.36%, 5, 0, 5, 1165.51
1683466483, 0, 232, 303, 269, 20, 0.36%, 5, 0, 5, 1133.36
1683466488, 0, 235, 304, 269, 22, 0.36%, 5, 0, 5, 1082.30
1683466494, 0, 235, 308, 273, 22, 0.36%, 5, 0, 5, 1233.34
1683466499, 0, 235, 309, 274, 22, 0.36%, 5, 0, 5, 1333.96
1683466509, 0, 237, 309, 273, 21, 0.36%, 5, 0, 5, 1231.52
1683466514, 0, 237, 310, 274, 21, 0.36%, 5, 0, 5, 1191.70
1683466519, 0, 237, 313, 277, 21, 0.36%, 5, 0, 5, 1207.73
1683466534, 0, 237, 314, 278, 21, 0.36%, 5, 0, 5, 1226.44
1683466544, 0, 241, 315, 278, 22, 0.36%, 5, 0, 5, 1059.96
1683466549, 0, 241, 318, 281, 22, 0.36%, 5, 0, 5, 1119.37
1683466555, 0, 241, 320, 283, 22, 0.36%, 5, 0, 5, 1183.98
1683466560, 0, 241, 322, 285, 22, 0.36%, 5, 0, 5, 1287.08
1683466565, 0, 241, 323, 286, 22, 0.36%, 5, 0, 5, 1262.18
1683466575, 0, 241, 324, 287, 22, 0.36%, 5, 0, 5, 1070.37
1683466580, 0, 245, 326, 287, 20, 0.37%, 5, 0, 5, 1205.82
1683466585, 0, 246, 327, 287, 21, 0.37%, 6, 0, 5, 1294.85
1683466590, 0, 248, 328, 287, 20, 0.37%, 7, 0, 5, 1276.11
1683466595, 0, 248, 332, 291, 20, 0.37%, 8, 0, 5, 1101.18
1683466600, 0, 248, 333, 292, 20, 0.37%, 8, 0, 5, 1155.39
1683466610, 0, 252, 335, 293, 21, 0.37%, 8, 0, 5, 1324.66
1683466615, 0, 252, 337, 295, 21, 0.38%, 9, 0, 5, 1245.20
1683466621, 0, 252, 338, 296, 21, 0.38%, 9, 0, 5, 1301.52
1683466626, 0, 252, 339, 297, 21, 0.38%, 10, 0, 5, 1353.47
1683466631, 0, 254, 342, 299, 22, 0.38%, 10, 0, 5, 1315.28
1683466636, 0, 260, 342, 298, 22, 0.38%, 10, 0, 5, 1309.52
1683466651, 0, 261, 349, 304, 21, 0.38%, 10, 0, 5, 1067.32
1683466656, 0, 261, 351, 306, 21, 0.38%, 10, 0, 5, 1107.17
1683466661, 0, 261, 353, 308, 21, 0.38%, 10, 0, 5, 1227.80
1683466666, 0, 261, 354, 309, 21, 0.38%, 11, 0, 5, 1131.55
1683466671, 0, 261, 354, 309, 21, 0.38%, 12, 0, 5, 1151.54
1683466681, 0, 265, 355, 309, 20, 0.38%, 14, 0, 5, 1097.61
1683466686, 0, 267, 361, 314, 20, 0.38%, 14, 0, 5, 1164.14
1683466691, 0, 267, 364, 317, 20, 0.38%, 16, 0, 5, 1265.86
1683466697, 0, 267, 366, 319, 20, 0.39%, 16, 0, 5, 1386.67
1683466702, 0, 267, 368, 321, 20, 0.39%, 16, 0, 5, 1393.98
1683466707, 0, 271, 369, 321, 24, 0.39%, 16, 0, 5, 1352.57
1683466717, 0, 271, 371, 323, 24, 0.39%, 16, 0, 5, 1402.04
1683466722, 0, 272, 371, 322, 23, 0.39%, 16, 0, 5, 1357.39
1683466727, 0, 282, 371, 320, 21, 0.39%, 16, 0, 5, 1396.49
1683466732, 0, 288, 376, 324, 20, 0.39%, 18, 0, 5, 1250.46
1683466737, 0, 288, 381, 329, 20, 0.39%, 20, 0, 5, 1312.08
1683466742, 0, 288, 381, 329, 20, 0.39%, 21, 0, 5, 1345.55
1683466747, 0, 288, 385, 333, 20, 0.40%, 21, 0, 5, 1395.89
1683466752, 0, 297, 385, 332, 24, 0.40%, 22, 0, 5, 1353.48
1683466767, 0, 297, 387, 334, 24, 0.40%, 22, 0, 6, 1214.53
1683466773, 0, 311, 387, 333, 23, 0.40%, 22, 0, 6, 1236.24
1683466783, 0, 313, 388, 333, 22, 0.40%, 22, 0, 6, 1171.61
1683466793, 0, 324, 390, 334, 22, 0.40%, 22, 0, 6, 1289.97
1683466798, 0, 325, 391, 334, 22, 0.40%, 22, 0, 6, 1349.20
1683466803, 0, 327, 392, 334, 21, 0.40%, 22, 0, 6, 1329.52
1683466808, 0, 327, 395, 337, 21, 0.40%, 23, 0, 6, 1266.21
1683466818, 0, 334, 397, 338, 21, 0.40%, 24, 0, 6, 1222.06
1683466828, 0, 334, 400, 341, 21, 0.40%, 27, 0, 6, 1212.39
1683466833, 0, 334, 406, 347, 21, 0.41%, 29, 0, 6, 1221.92
1683466839, 0, 334, 412, 353, 21, 0.41%, 31, 0, 6, 1231.26
1683466844, 0, 334, 413, 354, 21, 0.41%, 31, 0, 6, 1251.45
1683466849, 0, 334, 413, 354, 21, 0.41%, 32, 0, 6, 1224.28
1683466854, 0, 336, 413, 353, 21, 0.41%, 32, 0, 6, 1293.08
1683466859, 0, 338, 413, 352, 20, 0.41%, 32, 0, 6, 1347.67
1683466864, 0, 340, 413, 351, 19, 0.41%, 32, 0, 6, 1335.67
1683466869, 0, 354, 413, 350, 18, 0.41%, 32, 0, 6, 1320.09
1683466874, 0, 356, 414, 350, 17, 0.41%, 33, 0, 6, 1297.07
1683466879, 0, 356, 418, 354, 17, 0.41%, 33, 0, 6, 1362.97
1683466889, 0, 360, 418, 353, 17, 0.41%, 33, 0, 6, 1323.39
1683466894, 0, 362, 418, 352, 16, 0.41%, 33, 0, 6, 1375.19
1683466900, 0, 362, 423, 357, 16, 0.42%, 33, 0, 6, 1373.49
1683466905, 0, 362, 425, 359, 16, 0.42%, 33, 0, 6, 1374.30
1683466910, 0, 362, 427, 361, 16, 0.42%, 33, 0, 6, 1378.84
1683466915, 0, 362, 428, 362, 16, 0.42%, 33, 0, 6, 1413.76
1683466920, 0, 362, 429, 363, 16, 0.42%, 33, 0, 6, 1400.58
1683466925, 0, 371, 429, 362, 17, 0.42%, 33, 0, 6, 1334.24
1683466930, 0, 373, 430, 362, 16, 0.42%, 33, 0, 6, 1310.67
1683466935, 0, 381, 430, 361, 15, 0.42%, 33, 0, 6, 1295.56
1683466945, 0, 383, 431, 361, 14, 0.42%, 33, 0, 6, 1298.13
1683466950, 0, 387, 432, 361, 13, 0.42%, 33, 0, 7, 1310.52
1683466955, 0, 387, 433, 362, 13, 0.42%, 33, 0, 7, 1354.48
1683466960, 0, 387, 435, 364, 13, 0.42%, 33, 0, 7, 1332.98
1683466965, 0, 387, 436, 365, 13, 0.42%, 33, 0, 7, 1361.09
1683466975, 0, 388, 439, 367, 13, 0.42%, 35, 0, 7, 1338.32
1683466980, 0, 388, 440, 368, 13, 0.43%, 36, 0, 7, 1368.77
1683466986, 0, 388, 442, 370, 13, 0.43%, 36, 0, 7, 1328.91
1683466996, 0, 392, 442, 369, 13, 0.43%, 37, 0, 7, 1251.65
1683467001, 0, 396, 444, 370, 12, 0.43%, 37, 0, 7, 1296.59
1683467016, 0, 402, 446, 371, 12, 0.43%, 37, 0, 7, 1208.20
1683467021, 0, 402, 448, 373, 12, 0.43%, 37, 0, 7, 1201.16
1683467031, 0, 405, 450, 374, 15, 0.44%, 37, 0, 7, 1210.78
1683467036, 0, 408, 450, 373, 16, 0.44%, 37, 0, 7, 1204.79
1683467041, 0, 408, 451, 374, 16, 0.44%, 37, 0, 7, 1175.11
1683467051, 0, 414, 452, 374, 16, 0.44%, 37, 0, 7, 1234.94
1683467057, 0, 416, 452, 373, 16, 0.44%, 39, 0, 7, 1251.80
1683467062, 0, 416, 455, 376, 16, 0.44%, 39, 0, 7, 1176.07
1683467067, 0, 416, 458, 379, 16, 0.45%, 39, 0, 7, 1326.16
1683467072, 0, 416, 459, 380, 16, 0.45%, 40, 0, 7, 1377.82
1683467077, 0, 416, 460, 381, 16, 0.45%, 40, 0, 7, 1406.05
1683467082, 0, 419, 461, 381, 18, 0.45%, 40, 0, 7, 1307.78
1683467087, 0, 419, 466, 386, 18, 0.45%, 40, 0, 7, 1323.91
1683467092, 0, 419, 470, 390, 18, 0.45%, 40, 0, 7, 1397.77
1683467097, 0, 419, 471, 391, 18, 0.45%, 40, 0, 7, 1399.14
1683467102, 0, 419, 472, 392, 18, 0.45%, 40, 0, 7, 1396.64
1683467113, 0, 427, 472, 391, 17, 0.45%, 40, 0, 7, 1404.35
1683467118, 0, 427, 474, 393, 17, 0.45%, 40, 0, 7, 1425.51
1683467123, 0, 431, 474, 392, 16, 0.45%, 40, 0, 7, 1408.88
1683467133, 0, 439, 476, 393, 15, 0.45%, 40, 0, 8, 1305.42
1683467143, 0, 439, 478, 395, 15, 0.45%, 41, 0, 8, 1254.38
1683467153, 0, 439, 478, 395, 15, 0.45%, 44, 0, 8, 1219.86
1683467158, 0, 443, 478, 394, 15, 0.45%, 44, 0, 8, 1198.91
1683467168, 0, 444, 478, 393, 14, 0.45%, 45, 0, 8, 1216.35
1683467184, 0, 445, 479, 393, 13, 0.45%, 45, 0, 8, 1270.20
1683467199, 0, 446, 480, 393, 12, 0.45%, 45, 0, 8, 1238.65
1683467214, 0, 447, 480, 392, 11, 0.45%, 45, 0, 8, 1223.89
1683467229, 0, 448, 480, 391, 10, 0.45%, 45, 0, 8, 1241.61
1683467240, 0, 449, 480, 390, 9, 0.45%, 45, 0, 8, 1240.84
1683467245, 0, 450, 480, 389, 8, 0.45%, 45, 0, 8, 1244.11
1683467255, 0, 450, 483, 392, 8, 0.45%, 45, 0, 8, 1234.34
1683467265, 0, 450, 484, 393, 8, 0.45%, 45, 0, 8, 1319.63
1683467270, 0, 450, 485, 394, 8, 0.45%, 45, 0, 8, 1323.06
1683467275, 0, 451, 485, 393, 9, 0.45%, 45, 0, 8, 1286.52
1683467280, 0, 451, 486, 394, 9, 0.45%, 47, 0, 8, 1365.64
1683467286, 0, 453, 486, 393, 8, 0.45%, 47, 0, 8, 1285.45
1683467291, 0, 453, 487, 394, 8, 0.45%, 47, 0, 8, 1281.09
1683467296, 0, 453, 490, 397, 8, 0.45%, 47, 0, 8, 1355.95
1683467301, 0, 453, 493, 400, 8, 0.45%, 47, 0, 8, 1339.08
1683467311, 0, 454, 493, 399, 7, 0.45%, 47, 0, 8, 1292.21
1683467316, 0, 454, 495, 401, 7, 0.45%, 47, 0, 8, 1323.30
1683467321, 0, 457, 497, 402, 6, 0.45%, 47, 0, 8, 1323.08
1683467331, 0, 465, 499, 403, 5, 0.45%, 47, 0, 8, 1319.79
1683467352, 0, 465, 500, 404, 5, 0.45%, 47, 0, 8, 1297.07
1683467357, 0, 475, 500, 403, 5, 0.45%, 47, 0, 8, 1213.15
1683467372, 0, 480, 500, 402, 4, 0.45%, 47, 0, 8, 1158.78
1683467377, 0, 480, 502, 404, 4, 0.45%, 49, 0, 9, 1202.49
1683467382, 0, 480, 503, 405, 4, 0.45%, 49, 0, 9, 1034.19
1683467397, 0, 483, 503, 404, 4, 0.45%, 49, 0, 9, 1071.75
1683467413, 0, 483, 506, 407, 4, 0.46%, 50, 0, 9, 1065.16
1683467423, 0, 483, 509, 410, 4, 0.46%, 51, 0, 9, 1146.43
1683467428, 0, 493, 509, 409, 4, 0.46%, 51, 0, 9, 1077.33
1683467438, 0, 493, 513, 413, 4, 0.46%, 52, 0, 9, 1241.83
1683467443, 0, 493, 515, 415, 4, 0.46%, 53, 0, 9, 1321.75
1683467448, 0, 493, 516, 416, 4, 0.46%, 55, 0, 9, 1252.88
1683467453, 0, 500, 517, 416, 5, 0.46%, 55, 0, 10, 1178.90
1683467463, 0, 500, 518, 417, 5, 0.46%, 56, 0, 10, 1121.09
1683467468, 0, 507, 518, 416, 5, 0.46%, 56, 0, 10, 1078.83
1683467473, 0, 507, 520, 418, 5, 0.47%, 56, 0, 10, 1188.82
1683467478, 0, 507, 521, 419, 5, 0.47%, 56, 0, 10, 1136.60
1683467483, 0, 507, 525, 423, 5, 0.47%, 56, 0, 10, 1148.35
1683467488, 0, 507, 526, 424, 5, 0.47%, 56, 0, 10, 1265.40
1683467504, 0, 513, 527, 424, 7, 0.47%, 56, 0, 10, 1177.79
1683467514, 0, 513, 530, 427, 7, 0.48%, 56, 0, 10, 1076.36
1683467519, 0, 513, 531, 428, 7, 0.48%, 57, 0, 10, 1215.91
1683467524, 0, 513, 532, 429, 7, 0.48%, 58, 0, 10, 1225.27
1683467529, 0, 515, 534, 430, 9, 0.48%, 59, 0, 10, 1236.35
1683467539, 0, 515, 535, 431, 9, 0.48%, 61, 0, 10, 1266.35
1683467544, 0, 515, 536, 432, 9, 0.48%, 61, 0, 10, 1228.40
1683467554, 0, 516, 536, 431, 9, 0.48%, 61, 0, 10, 1157.57
1683467564, 0, 516, 537, 432, 9, 0.48%, 62, 0, 11, 1301.98
1683467569, 0, 516, 538, 433, 9, 0.48%, 62, 0, 11, 1341.00
1683467574, 0, 516, 539, 434, 9, 0.48%, 62, 0, 11, 1381.72
1683467579, 0, 519, 540, 434, 8, 0.48%, 62, 0, 11, 1403.51
1683467589, 0, 519, 541, 435, 8, 0.48%, 62, 0, 11, 1406.51
1683467595, 0, 523, 544, 437, 8, 0.48%, 62, 0, 11, 1357.87
1683467605, 0, 526, 544, 436, 7, 0.48%, 62, 0, 11, 1215.74
1683467615, 0, 526, 545, 437, 7, 0.48%, 62, 0, 11, 1167.36
1683467620, 0, 526, 547, 439, 7, 0.48%, 62, 0, 11, 1226.30
1683467630, 0, 527, 547, 438, 6, 0.48%, 62, 0, 11, 1143.85
