# unix_time, cycles_done, cur_path, paths_total, pending_total, pending_favs, map_size, unique_crashes, unique_hangs, max_depth, execs_per_sec
1683543694, 0, 0, 1, 1, 1, 0.05%, 0, 0, 1, 266.67
1683543699, 0, 0, 16, 16, 1, 0.07%, 0, 0, 2, 230.75
1683543704, 0, 0, 19, 19, 1, 0.08%, 0, 0, 2, 225.82
1683543714, 0, 0, 22, 22, 1, 0.09%, 0, 0, 2, 217.85
1683543719, 0, 0, 25, 25, 1, 0.09%, 0, 0, 2, 221.43
1683543724, 0, 0, 26, 26, 1, 0.09%, 0, 0, 2, 222.47
1683543729, 0, 0, 27, 27, 1, 0.09%, 0, 0, 2, 230.16
1683543734, 0, 0, 30, 30, 1, 0.09%, 0, 0, 2, 251.31
1683543744, 0, 0, 31, 31, 1, 0.09%, 0, 0, 2, 268.67
1683543754, 0, 0, 32, 32, 1, 0.09%, 0, 0, 2, 250.60
1683543765, 0, 0, 33, 33, 1, 0.09%, 0, 0, 2, 259.24
1683543775, 0, 0, 34, 34, 1, 0.09%, 0, 0, 2, 229.31
1683543831, 0, 3, 34, 33, 7, 0.09%, 0, 0, 2, 281.66
1683543836, 0, 10, 36, 34, 6, 0.09%, 0, 0, 3, 279.05
1683543846, 0, 10, 37, 35, 6, 0.09%, 0, 0, 3, 296.71
1683543851, 0, 10, 38, 36, 6, 0.09%, 0, 0, 3, 315.96
1683543872, 0, 10, 39, 37, 6, 0.09%, 0, 0, 3, 302.34
1683543882, 0, 10, 40, 38, 6, 0.09%, 0, 0, 3, 308.69
1683543922, 0, 12, 40, 37, 7, 0.09%, 0, 0, 3, 229.77
1683543932, 0, 20, 43, 39, 6, 0.10%, 0, 0, 3, 210.57
1683543937, 0, 20, 44, 40, 6, 0.12%, 0, 0, 3, 212.73
1683543948, 0, 23, 44, 39, 8, 0.12%, 0, 0, 3, 189.06
1683543958, 0, 23, 45, 40, 8, 0.12%, 0, 0, 3, 207.89
1683543963, 0, 26, 46, 40, 7, 0.12%, 0, 0, 3, 225.39
1683543968, 0, 27, 46, 39, 7, 0.12%, 0, 0, 3, 235.00
1683543983, 0, 38, 49, 41, 6, 0.13%, 0, 0, 4, 238.49
1683543993, 0, 39, 49, 40, 7, 0.13%, 0, 0, 4, 209.75
1683543998, 0, 39, 52, 43, 7, 0.13%, 0, 0, 4, 222.12
1683544049, 0, 39, 54, 45, 7, 0.13%, 0, 0, 4, 221.77
1683544064, 0, 39, 55, 46, 7, 0.13%, 0, 0, 4, 202.39
1683544105, 0, 41, 57, 47, 7, 0.13%, 0, 0, 4, 257.24
1683544110, 0, 41, 58, 48, 7, 0.13%, 0, 0, 4, 254.03
1683544115, 0, 41, 59, 49, 7, 0.13%, 0, 0, 4, 254.28
1683544125, 0, 42, 60, 49, 8, 0.13%, 0, 0, 4, 260.67
1683544130, 0, 42, 61, 50, 8, 0.13%, 0, 0, 4, 261.36
1683544135, 0, 43, 64, 52, 8, 0.14%, 0, 0, 4, 256.67
1683544140, 0, 43, 72, 60, 8, 0.16%, 0, 0, 4, 221.14
1683544145, 0, 43, 74, 62, 8, 0.16%, 0, 0, 4, 247.36
1683544150, 0, 43, 76, 64, 8, 0.16%, 0, 0, 4, 225.05
1683544155, 0, 43, 78, 66, 8, 0.16%, 0, 0, 4, 201.83
1683544160, 0, 43, 79, 67, 8, 0.16%, 0, 0, 4, 198.99
1683544165, 0, 43, 80, 68, 8, 0.16%, 0, 0, 4, 218.34
1683544180, 0, 43, 82, 70, 8, 0.16%, 0, 0, 4, 204.96
1683544190, 0, 43, 83, 71, 8, 0.16%, 0, 0, 4, 204.59
1683544196, 0, 43, 84, 72, 8, 0.16%, 0, 0, 4, 200.04
1683544206, 0, 43, 85, 73, 8, 0.17%, 0, 0, 4, 233.59
1683544226, 0, 43, 86, 74, 8, 0.17%, 0, 0, 4, 255.69
1683544231, 0, 43, 87, 75, 8, 0.17%, 0, 0, 4, 247.68
1683544237, 0, 43, 88, 76, 8, 0.17%, 0, 0, 4, 226.03
1683544247, 0, 43, 90, 78, 8, 0.17%, 0, 0, 4, 274.05
1683544252, 0, 43, 91, 79, 8, 0.17%, 0, 0, 4, 257.18
1683544283, 0, 45, 92, 79, 18, 0.17%, 0, 0, 4, 300.34
1683544288, 0, 46, 93, 79, 18, 0.17%, 0, 0, 5, 300.59
1683544303, 0, 51, 93, 78, 17, 0.17%, 1, 0, 5, 280.31
1683544308, 0, 51, 94, 79, 17, 0.17%, 1, 0, 5, 281.49
1683544313, 0, 51, 94, 79, 17, 0.17%, 2, 0, 5, 306.58
1683544318, 0, 51, 95, 80, 17, 0.17%, 2, 0, 5, 309.25
