# unix_time, cycles_done, cur_path, paths_total, pending_total, pending_favs, map_size, unique_crashes, unique_hangs, max_depth, execs_per_sec
1683412960, 0, 0, 1, 1, 1, 0.00%, 0, 0, 1, 1600.00
1683412965, 4, 1, 3, 2, 1, 0.01%, 0, 0, 3, 1982.05
1683412970, 5, 2, 3, 0, 0, 0.01%, 0, 0, 3, 2202.75
1683412975, 9, 3, 4, 1, 1, 0.01%, 0, 0, 4, 2164.45
1683412980, 10, 3, 4, 0, 0, 0.01%, 0, 0, 4, 2182.62
1683412985, 14, 1, 4, 0, 0, 0.01%, 0, 0, 4, 2362.89
1683412990, 20, 4, 5, 1, 1, 0.01%, 0, 0, 4, 2448.73
1683412995, 20, 4, 6, 2, 1, 0.01%, 0, 0, 4, 2455.53
1683413000, 20, 5, 6, 1, 1, 0.01%, 0, 0, 4, 2316.34
1683413005, 22, 4, 6, 0, 0, 0.01%, 0, 0, 4, 2259.67
1683413010, 23, 5, 6, 0, 0, 0.01%, 0, 0, 4, 2318.73
1683413016, 26, 5, 6, 0, 0, 0.01%, 0, 0, 4, 2348.33
1683413021, 31, 3, 6, 0, 0, 0.01%, 0, 0, 4, 2402.70
1683413026, 35, 4, 6, 0, 0, 0.01%, 0, 0, 4, 2339.58
1683413031, 40, 3, 6, 0, 0, 0.01%, 0, 0, 4, 2424.84
1683413036, 45, 2, 6, 0, 0, 0.01%, 0, 0, 4, 2462.33
1683413041, 49, 5, 6, 0, 0, 0.01%, 0, 0, 4, 2476.16
1683413046, 54, 3, 6, 0, 0, 0.01%, 0, 0, 4, 2462.99
1683413051, 58, 4, 6, 0, 0, 0.01%, 0, 0, 4, 2300.16
1683413056, 62, 4, 6, 0, 0, 0.01%, 0, 0, 4, 2176.68
1683413061, 67, 0, 6, 0, 0, 0.01%, 0, 0, 4, 2293.17
1683413067, 71, 4, 6, 0, 0, 0.01%, 0, 0, 4, 2455.21
1683413072, 76, 3, 6, 0, 0, 0.01%, 0, 0, 4, 2519.48
1683413077, 80, 5, 6, 0, 0, 0.01%, 0, 0, 4, 2495.89
1683413082, 85, 5, 6, 0, 0, 0.01%, 0, 0, 4, 2555.19
1683413087, 90, 3, 6, 0, 0, 0.01%, 0, 0, 4, 2505.28
1683413092, 95, 1, 6, 0, 0, 0.01%, 0, 0, 4, 2538.92
1683413097, 99, 4, 6, 0, 0, 0.01%, 0, 0, 4, 2496.00
1683413102, 104, 2, 6, 0, 0, 0.01%, 0, 0, 4, 2551.80
1683413107, 108, 4, 6, 0, 0, 0.01%, 1, 0, 4, 2458.05
1683413112, 112, 5, 6, 0, 0, 0.01%, 1, 0, 4, 2392.60
1683413118, 117, 4, 6, 0, 0, 0.01%, 1, 0, 4, 2466.03
1683413123, 121, 5, 6, 0, 0, 0.01%, 1, 0, 4, 2428.49
1683413128, 126, 4, 6, 0, 0, 0.01%, 1, 0, 4, 2436.82
1683413133, 131, 4, 6, 0, 0, 0.01%, 1, 0, 4, 2495.77
1683413138, 136, 3, 6, 0, 0, 0.01%, 1, 0, 4, 2519.38
1683413143, 141, 1, 6, 0, 0, 0.01%, 1, 0, 4, 2517.51
1683413148, 145, 4, 6, 0, 0, 0.01%, 1, 0, 4, 2490.46
