# unix_time, cycles_done, cur_path, paths_total, pending_total, pending_favs, map_size, unique_crashes, unique_hangs, max_depth, execs_per_sec
1683242380, 0, 0, 1, 1, 1, 1.01%, 0, 0, 1, 19.51
1683242462, 0, 0, 4, 4, 1, 1.02%, 0, 0, 2, 17.72
1683242472, 0, 0, 20, 20, 1, 1.14%, 0, 0, 2, 17.64
1683242477, 0, 0, 25, 25, 1, 1.15%, 0, 0, 2, 19.43
1683242483, 0, 0, 26, 26, 1, 1.16%, 0, 0, 2, 19.46
1683242488, 0, 0, 32, 32, 1, 1.16%, 0, 0, 2, 20.21
1683242493, 0, 0, 46, 46, 1, 1.18%, 0, 0, 2, 99.99
1683242498, 0, 0, 52, 52, 1, 1.18%, 0, 0, 2, 18.40
1683242503, 0, 0, 53, 53, 1, 1.18%, 0, 0, 2, 17.41
1683242508, 0, 0, 56, 56, 1, 1.18%, 0, 0, 2, 17.88
1683242513, 0, 0, 60, 60, 1, 1.19%, 0, 0, 2, 18.24
