932 11 3 34ccd267fd3c685a212ba0b1c0d0328040d17c9b581d68fdecc0384f6e04b66b 9
932 17 3 34ccd267fd3c685a212ba0b1c0d0328040d17c9b581d68fdecc0384f6e04b66b 10
945 17 3 34ccd267fd3c685a212ba0b1c0d0328040d17c9b581d68fdecc0384f6e04b66b 11
1105 21 2 34ccd267fd3c685a212ba0b1c0d0328040d17c9b581d68fdecc0384f6e04b66b 1
1110 9 2 34ccd267fd3c685a212ba0b1c0d0328040d17c9b581d68fdecc0384f6e04b66b 2
1113 11 3 34ccd267fd3c685a212ba0b1c0d0328040d17c9b581d68fdecc0384f6e04b66b 3
1232 25 2 34ccd267fd3c685a212ba0b1c0d0328040d17c9b581d68fdecc0384f6e04b66b 4
1234 11 3 34ccd267fd3c685a212ba0b1c0d0328040d17c9b581d68fdecc0384f6e04b66b 5
1236 13 3 34ccd267fd3c685a212ba0b1c0d0328040d17c9b581d68fdecc0384f6e04b66b 6
1236 22 3 34ccd267fd3c685a212ba0b1c0d0328040d17c9b581d68fdecc0384f6e04b66b 7
1238 23 3 34ccd267fd3c685a212ba0b1c0d0328040d17c9b581d68fdecc0384f6e04b66b 8
