# unix_time, cycles_done, cur_path, paths_total, pending_total, pending_favs, map_size, unique_crashes, unique_hangs, max_depth, execs_per_sec
1683240573, 0, 0, 1, 1, 1, 0.83%, 0, 0, 1, 21.05
1683240644, 0, 0, 2, 2, 1, 0.89%, 0, 0, 2, 21.82
1683240649, 0, 0, 8, 8, 1, 0.91%, 0, 0, 2, 20.14
1683240654, 0, 0, 10, 10, 1, 0.91%, 0, 0, 2, 19.52
1683240659, 0, 0, 29, 29, 1, 0.99%, 0, 0, 2, 40.64
1683240665, 0, 0, 39, 39, 1, 1.01%, 0, 0, 2, 28.16
1683240670, 0, 0, 42, 42, 1, 1.01%, 0, 0, 2, 21.95
1683240675, 0, 0, 48, 48, 1, 1.02%, 0, 0, 2, 25.45
1683240680, 0, 0, 61, 61, 1, 1.03%, 0, 0, 2, 160.26
1683240685, 0, 0, 69, 69, 1, 1.05%, 0, 0, 2, 18.87
1683240690, 0, 0, 70, 70, 1, 1.05%, 0, 0, 2, 19.83
1683240695, 0, 0, 74, 74, 1, 1.05%, 0, 0, 2, 19.47
1683240700, 0, 0, 79, 79, 1, 1.06%, 0, 0, 2, 19.82
1683240706, 0, 0, 82, 82, 1, 1.06%, 0, 0, 2, 19.47
1683240711, 0, 0, 85, 85, 1, 1.06%, 0, 0, 2, 18.97
1683240716, 0, 0, 86, 86, 1, 1.06%, 0, 0, 2, 19.93
1683240721, 0, 0, 92, 92, 1, 1.06%, 0, 0, 2, 20.96
1683240726, 0, 0, 94, 94, 1, 1.06%, 0, 0, 2, 23.27
1683240731, 0, 0, 103, 103, 1, 1.08%, 0, 0, 2, 25.03
1683240736, 0, 0, 110, 110, 1, 1.12%, 0, 0, 2, 21.32
1683240741, 0, 0, 124, 124, 1, 1.14%, 0, 0, 2, 33.86
1683240746, 0, 0, 130, 130, 1, 1.15%, 0, 0, 2, 24.82
1683240752, 0, 0, 133, 133, 1, 1.15%, 0, 0, 2, 21.21
1683240757, 0, 0, 138, 138, 1, 1.15%, 0, 0, 2, 26.58
1683240762, 0, 0, 140, 140, 1, 1.16%, 0, 0, 2, 22.22
1683240772, 0, 0, 142, 142, 1, 1.16%, 0, 0, 2, 19.37
1683240777, 0, 0, 145, 145, 1, 1.17%, 0, 0, 2, 18.77
1683240782, 0, 0, 149, 149, 1, 1.17%, 0, 0, 2, 18.55
1683240787, 0, 0, 154, 154, 1, 1.18%, 0, 0, 2, 20.43
