# unix_time, cycles_done, cur_path, paths_total, pending_total, pending_favs, map_size, unique_crashes, unique_hangs, max_depth, execs_per_sec
1683466138, 0, 0, 1, 1, 1, 0.06%, 0, 0, 1, 800.00
1683466143, 0, 0, 91, 91, 1, 0.27%, 0, 0, 2, 1378.19
1683466148, 0, 0, 124, 124, 1, 0.29%, 0, 0, 2, 1502.06
1683466153, 0, 0, 147, 147, 1, 0.32%, 0, 0, 2, 1529.99
1683466158, 0, 0, 156, 156, 1, 0.33%, 0, 0, 2, 1536.41
1683466163, 0, 5, 167, 165, 63, 0.34%, 0, 0, 3, 1523.75
1683466168, 0, 10, 179, 176, 63, 0.35%, 0, 0, 3, 1532.02
1683466173, 0, 10, 188, 185, 63, 0.36%, 0, 0, 3, 1534.12
1683466179, 0, 10, 195, 192, 63, 0.37%, 0, 0, 3, 1540.10
1683466184, 0, 10, 204, 201, 63, 0.37%, 0, 0, 3, 1542.73
1683466189, 0, 12, 208, 204, 72, 0.38%, 0, 0, 3, 1538.16
1683466194, 0, 12, 216, 212, 72, 0.38%, 0, 0, 3, 1536.49
1683466199, 0, 12, 223, 219, 72, 0.39%, 0, 0, 3, 1527.19
1683466204, 0, 12, 228, 224, 72, 0.39%, 0, 0, 3, 1524.70
1683466209, 0, 12, 229, 225, 72, 0.39%, 0, 0, 3, 1529.16
1683466214, 0, 13, 233, 228, 77, 0.42%, 0, 0, 3, 1524.55
1683466219, 0, 13, 237, 232, 77, 0.42%, 0, 0, 3, 1525.17
1683466224, 0, 13, 238, 233, 77, 0.42%, 0, 0, 3, 1523.66
1683466230, 0, 13, 240, 235, 77, 0.42%, 0, 0, 3, 1525.34
1683466235, 0, 15, 246, 240, 77, 0.42%, 0, 0, 3, 1500.24
1683466240, 0, 15, 252, 246, 77, 0.42%, 0, 0, 3, 1504.80
1683466245, 0, 15, 256, 250, 77, 0.42%, 0, 0, 3, 1490.91
1683466250, 0, 15, 258, 252, 77, 0.42%, 0, 0, 3, 1503.64
1683466255, 0, 15, 259, 253, 77, 0.42%, 0, 0, 3, 1494.04
1683466260, 0, 30, 260, 251, 77, 0.45%, 0, 0, 3, 1510.74
1683466265, 0, 58, 262, 251, 77, 0.45%, 0, 0, 3, 1494.69
1683466270, 0, 58, 266, 255, 77, 0.45%, 0, 0, 3, 1490.25
1683466275, 0, 58, 271, 260, 77, 0.47%, 0, 0, 3, 1496.38
1683466280, 0, 58, 274, 263, 77, 0.47%, 0, 0, 3, 1505.64
1683466285, 0, 58, 275, 264, 77, 0.47%, 0, 0, 3, 1510.47
1683466291, 0, 61, 278, 266, 83, 0.47%, 0, 0, 3, 1509.47
1683466296, 0, 65, 281, 268, 83, 0.47%, 0, 0, 3, 1506.70
1683466301, 0, 65, 286, 273, 83, 0.47%, 0, 0, 3, 1514.07
1683466306, 0, 65, 289, 276, 83, 0.47%, 0, 0, 3, 1484.17
1683466311, 0, 65, 292, 279, 83, 0.48%, 0, 0, 3, 1385.72
1683466316, 0, 65, 296, 283, 83, 0.48%, 0, 0, 3, 1393.83
1683466321, 0, 66, 298, 284, 90, 0.48%, 0, 0, 3, 1386.71
1683466326, 0, 70, 302, 285, 88, 0.49%, 0, 0, 3, 1447.65
1683466331, 0, 70, 304, 287, 88, 0.49%, 0, 0, 3, 1420.66
1683466336, 0, 70, 307, 290, 88, 0.50%, 0, 0, 3, 1433.66
1683466341, 0, 78, 307, 289, 92, 0.50%, 0, 0, 3, 1458.68
1683466346, 0, 79, 307, 288, 91, 0.50%, 0, 0, 3, 1482.64
1683466351, 0, 88, 309, 287, 88, 0.50%, 0, 0, 3, 1389.87
1683466356, 0, 88, 313, 291, 88, 0.50%, 0, 0, 3, 1450.52
1683466361, 0, 88, 320, 298, 88, 0.50%, 0, 0, 3, 1490.42
1683466366, 0, 88, 321, 299, 88, 0.50%, 0, 0, 3, 1495.40
1683466371, 0, 88, 328, 306, 88, 0.50%, 0, 0, 3, 1495.99
1683466376, 0, 88, 331, 309, 88, 0.50%, 0, 0, 3, 1490.45
1683466381, 0, 98, 331, 306, 90, 0.50%, 0, 0, 3, 1489.30
1683466387, 0, 99, 332, 306, 89, 0.50%, 0, 0, 3, 1482.29
1683466392, 0, 99, 337, 311, 89, 0.51%, 0, 0, 3, 1492.59
1683466397, 0, 99, 339, 313, 89, 0.51%, 0, 0, 3, 1495.46
1683466402, 0, 99, 341, 315, 89, 0.51%, 0, 0, 3, 1485.66
1683466407, 0, 99, 346, 320, 89, 0.51%, 0, 0, 3, 1494.02
1683466412, 0, 105, 349, 321, 91, 0.51%, 0, 0, 3, 1494.99
1683466417, 0, 105, 353, 325, 91, 0.51%, 0, 0, 3, 1498.20
1683466422, 0, 105, 355, 327, 91, 0.51%, 0, 0, 3, 1494.16
1683466427, 0, 105, 358, 330, 91, 0.51%, 0, 0, 3, 1508.41
1683466432, 0, 105, 361, 333, 91, 0.51%, 0, 0, 3, 1505.11
1683466437, 0, 122, 363, 332, 88, 0.51%, 0, 0, 3, 1496.86
1683466442, 0, 126, 365, 333, 87, 0.51%, 0, 0, 3, 1494.45
1683466447, 0, 128, 372, 339, 86, 0.52%, 0, 0, 3, 1497.20
1683466453, 0, 128, 373, 340, 86, 0.52%, 0, 0, 3, 1506.21
1683466458, 0, 128, 374, 341, 86, 0.52%, 0, 0, 3, 1519.21
1683466463, 0, 128, 376, 343, 86, 0.52%, 0, 0, 3, 1521.10
1683466468, 0, 131, 379, 345, 91, 0.52%, 0, 0, 3, 1539.64
1683466473, 0, 131, 387, 353, 91, 0.52%, 0, 0, 3, 1240.34
1683466478, 0, 131, 392, 358, 91, 0.52%, 0, 0, 3, 1412.54
1683466483, 0, 131, 394, 360, 91, 0.52%, 0, 0, 3, 1431.02
1683466488, 0, 131, 395, 361, 91, 0.52%, 0, 0, 3, 1347.56
1683466498, 0, 135, 396, 360, 89, 0.52%, 0, 0, 3, 1483.33
1683466503, 0, 135, 402, 366, 89, 0.52%, 0, 0, 3, 1489.91
1683466508, 0, 135, 406, 370, 89, 0.52%, 0, 0, 3, 1473.73
1683466513, 0, 135, 409, 373, 89, 0.52%, 0, 0, 3, 1406.69
1683466524, 0, 138, 409, 372, 91, 0.52%, 0, 0, 3, 1392.64
1683466529, 0, 142, 409, 369, 88, 0.52%, 0, 0, 3, 1469.43
1683466534, 0, 153, 411, 369, 87, 0.52%, 0, 0, 3, 1397.58
1683466539, 0, 161, 413, 369, 85, 0.53%, 0, 0, 3, 1435.73
1683466544, 0, 162, 416, 371, 85, 0.53%, 0, 0, 3, 1281.68
1683466549, 0, 162, 420, 375, 85, 0.53%, 0, 0, 3, 1331.00
1683466554, 0, 162, 425, 380, 85, 0.53%, 0, 0, 3, 1366.09
1683466559, 0, 162, 427, 382, 85, 0.53%, 0, 0, 3, 1457.63
1683466569, 0, 162, 430, 385, 85, 0.53%, 0, 0, 3, 1408.24
1683466575, 0, 168, 430, 383, 82, 0.53%, 0, 0, 3, 1209.22
1683466580, 0, 170, 431, 382, 80, 0.53%, 0, 0, 4, 1371.46
1683466585, 0, 175, 431, 380, 79, 0.53%, 0, 0, 4, 1459.31
1683466590, 0, 180, 433, 381, 78, 0.53%, 0, 0, 4, 1466.99
1683466595, 0, 182, 433, 380, 78, 0.53%, 0, 0, 4, 1234.34
1683466600, 0, 182, 434, 381, 78, 0.53%, 0, 0, 4, 1341.27
1683466605, 0, 185, 435, 380, 76, 0.53%, 0, 0, 4, 1434.87
1683466610, 0, 187, 440, 384, 75, 0.53%, 0, 0, 4, 1493.20
1683466615, 0, 187, 441, 385, 75, 0.53%, 0, 0, 4, 1406.23
1683466620, 0, 187, 442, 386, 75, 0.53%, 0, 0, 4, 1474.70
1683466630, 0, 190, 442, 385, 74, 0.53%, 0, 0, 4, 1491.59
1683466635, 0, 194, 442, 384, 73, 0.53%, 0, 0, 4, 1471.01
1683466640, 0, 205, 442, 382, 71, 0.53%, 0, 0, 4, 1422.10
1683466645, 0, 209, 445, 384, 70, 0.53%, 0, 0, 4, 1481.02
1683466650, 0, 212, 451, 389, 69, 0.54%, 0, 0, 4, 1340.27
1683466656, 0, 212, 466, 404, 69, 0.56%, 0, 0, 4, 1385.13
1683466661, 0, 212, 481, 419, 69, 0.58%, 0, 0, 4, 1455.39
1683466666, 0, 212, 484, 422, 69, 0.58%, 0, 0, 4, 1363.78
1683466671, 0, 212, 485, 423, 69, 0.58%, 0, 0, 4, 1380.37
1683466676, 0, 215, 487, 424, 91, 0.58%, 0, 0, 4, 1391.07
1683466681, 0, 215, 496, 433, 91, 0.59%, 1, 0, 4, 1380.61
1683466686, 0, 215, 499, 436, 91, 0.60%, 3, 0, 4, 1414.09
1683466692, 0, 215, 501, 438, 91, 0.60%, 6, 0, 4, 1449.39
1683466697, 0, 215, 504, 441, 91, 0.60%, 7, 0, 4, 1505.47
1683466702, 0, 216, 506, 442, 97, 0.60%, 7, 0, 4, 1500.15
1683466707, 0, 220, 508, 443, 96, 0.60%, 7, 0, 4, 1442.38
1683466712, 0, 220, 512, 447, 96, 0.60%, 7, 0, 4, 1352.85
1683466717, 0, 220, 517, 452, 96, 0.60%, 7, 0, 4, 1431.31
1683466722, 0, 220, 518, 453, 96, 0.60%, 7, 0, 4, 1413.00
1683466727, 0, 220, 520, 455, 96, 0.61%, 7, 0, 4, 1423.71
1683466732, 0, 224, 521, 455, 96, 0.61%, 7, 0, 4, 1458.13
1683466737, 0, 241, 521, 453, 94, 0.61%, 7, 0, 4, 1425.12
1683466742, 0, 247, 521, 452, 93, 0.61%, 7, 0, 4, 1446.37
1683466748, 0, 251, 521, 451, 92, 0.61%, 7, 0, 4, 1493.62
1683466753, 0, 254, 521, 450, 92, 0.61%, 7, 0, 4, 1488.55
1683466758, 0, 254, 524, 453, 92, 0.61%, 7, 0, 4, 1469.14
1683466763, 0, 261, 525, 452, 90, 0.61%, 7, 0, 4, 1499.11
1683466768, 0, 261, 535, 462, 90, 0.62%, 7, 0, 4, 1509.80
1683466773, 0, 261, 539, 466, 90, 0.62%, 7, 0, 4, 1515.28
1683466778, 0, 261, 542, 469, 90, 0.62%, 7, 0, 4, 1492.98
1683466783, 0, 261, 543, 470, 90, 0.62%, 7, 0, 4, 1497.41
1683466788, 0, 269, 546, 472, 97, 0.63%, 7, 0, 4, 1492.45
1683466793, 0, 271, 549, 474, 97, 0.63%, 7, 0, 4, 1383.26
1683466799, 0, 271, 552, 477, 97, 0.63%, 7, 0, 4, 1417.95
1683466804, 0, 271, 555, 480, 97, 0.63%, 7, 0, 4, 1426.02
1683466809, 0, 272, 558, 482, 101, 0.64%, 7, 0, 4, 1389.57
1683466819, 0, 272, 566, 490, 101, 0.65%, 7, 0, 4, 1390.83
1683466824, 0, 272, 570, 494, 101, 0.65%, 7, 0, 4, 1408.62
1683466829, 0, 273, 570, 493, 105, 0.65%, 7, 0, 4, 1407.80
1683466834, 0, 276, 570, 492, 104, 0.65%, 7, 0, 4, 1417.83
1683466839, 0, 277, 572, 493, 103, 0.65%, 7, 0, 4, 1492.90
1683466844, 0, 289, 572, 491, 103, 0.65%, 7, 0, 4, 1512.05
1683466849, 0, 290, 577, 495, 103, 0.65%, 7, 0, 4, 1457.26
1683466854, 0, 290, 580, 498, 103, 0.65%, 7, 0, 4, 1471.84
1683466859, 0, 296, 582, 498, 105, 0.66%, 7, 0, 4, 1494.00
1683466864, 0, 300, 583, 497, 104, 0.66%, 7, 0, 4, 1459.52
1683466869, 0, 301, 586, 499, 103, 0.66%, 7, 0, 4, 1456.75
1683466874, 0, 306, 589, 501, 104, 0.66%, 7, 0, 4, 1360.04
1683466879, 0, 306, 593, 505, 104, 0.66%, 7, 0, 4, 1428.59
1683466885, 0, 306, 596, 508, 104, 0.67%, 7, 0, 4, 1448.88
1683466890, 0, 310, 597, 508, 104, 0.67%, 7, 0, 4, 1490.02
1683466895, 0, 314, 600, 510, 104, 0.67%, 7, 0, 4, 1502.26
1683466900, 0, 314, 601, 511, 104, 0.67%, 7, 0, 4, 1512.09
1683466905, 0, 316, 603, 512, 104, 0.67%, 7, 0, 4, 1521.42
1683466910, 0, 319, 604, 512, 103, 0.67%, 7, 0, 4, 1487.34
1683466915, 0, 320, 605, 512, 102, 0.67%, 7, 0, 4, 1498.65
1683466920, 0, 320, 607, 514, 102, 0.67%, 7, 0, 4, 1507.42
1683466925, 0, 321, 607, 513, 101, 0.67%, 7, 0, 4, 1473.93
1683466930, 0, 321, 610, 516, 101, 0.67%, 7, 0, 4, 1477.64
1683466936, 0, 321, 611, 517, 101, 0.67%, 7, 0, 4, 1480.44
1683466941, 0, 330, 611, 516, 101, 0.67%, 7, 0, 4, 1481.59
1683466946, 0, 330, 612, 517, 101, 0.67%, 7, 0, 4, 1476.88
1683466951, 0, 331, 612, 516, 102, 0.67%, 7, 0, 4, 1517.64
1683466956, 0, 333, 615, 518, 101, 0.67%, 7, 0, 4, 1515.59
1683466961, 0, 337, 615, 517, 101, 0.67%, 7, 0, 4, 1503.93
1683466966, 0, 337, 616, 518, 101, 0.67%, 7, 0, 4, 1507.36
1683466971, 0, 352, 616, 516, 99, 0.67%, 7, 0, 4, 1516.49
1683466976, 0, 354, 617, 516, 98, 0.67%, 7, 0, 4, 1530.75
1683466981, 0, 361, 619, 517, 97, 0.67%, 7, 0, 4, 1538.06
1683466986, 0, 366, 619, 514, 94, 0.67%, 7, 0, 4, 1513.56
1683466991, 0, 370, 621, 513, 92, 0.67%, 7, 0, 4, 1478.80
1683466997, 0, 371, 636, 527, 91, 0.69%, 7, 0, 4, 1513.85
1683467002, 0, 371, 643, 534, 91, 0.69%, 7, 0, 4, 1534.05
1683467007, 0, 371, 652, 543, 91, 0.69%, 7, 0, 4, 1521.99
1683467012, 0, 371, 654, 545, 91, 0.70%, 7, 0, 4, 1495.49
1683467017, 0, 374, 657, 547, 104, 0.70%, 7, 0, 4, 1526.31
1683467022, 0, 382, 658, 546, 102, 0.70%, 7, 0, 4, 1514.00
1683467027, 0, 397, 658, 545, 102, 0.70%, 7, 0, 4, 1517.23
1683467032, 0, 409, 659, 545, 101, 0.70%, 7, 0, 4, 1479.21
1683467037, 0, 409, 662, 548, 101, 0.70%, 7, 0, 4, 1500.12
1683467042, 0, 410, 662, 547, 100, 0.70%, 7, 0, 4, 1503.61
1683467047, 0, 412, 662, 546, 99, 0.70%, 7, 0, 4, 1494.12
1683467052, 0, 412, 665, 549, 99, 0.70%, 7, 0, 4, 1491.62
1683467057, 0, 419, 673, 556, 98, 0.70%, 7, 0, 4, 1489.85
1683467063, 0, 419, 679, 562, 98, 0.71%, 7, 0, 4, 1434.05
1683467068, 0, 419, 680, 563, 98, 0.71%, 7, 0, 4, 1472.21
1683467073, 0, 419, 684, 567, 98, 0.71%, 7, 0, 4, 1496.57
1683467083, 0, 430, 686, 568, 102, 0.71%, 7, 0, 5, 1511.21
1683467088, 0, 432, 687, 568, 101, 0.71%, 7, 0, 5, 1520.87
1683467093, 0, 432, 689, 570, 101, 0.71%, 7, 0, 5, 1530.59
1683467104, 0, 451, 690, 569, 99, 0.71%, 7, 0, 5, 1533.66
1683467109, 0, 453, 693, 571, 98, 0.71%, 7, 0, 5, 1526.17
1683467119, 0, 455, 694, 571, 98, 0.71%, 7, 0, 5, 1533.96
1683467124, 0, 457, 696, 572, 97, 0.71%, 7, 0, 5, 1520.03
1683467129, 0, 457, 702, 578, 97, 0.71%, 7, 0, 5, 1507.92
1683467134, 0, 457, 707, 583, 97, 0.72%, 7, 0, 5, 1509.39
1683467139, 0, 457, 713, 589, 97, 0.72%, 7, 0, 5, 1510.78
1683467144, 0, 457, 715, 591, 97, 0.72%, 7, 0, 5, 1508.21
1683467150, 0, 458, 715, 590, 97, 0.72%, 7, 0, 5, 1470.30
1683467155, 0, 464, 718, 591, 97, 0.73%, 7, 0, 5, 1474.41
1683467160, 0, 470, 719, 591, 98, 0.73%, 7, 0, 5, 1529.54
1683467165, 0, 471, 720, 591, 98, 0.73%, 7, 0, 5, 1521.83
1683467170, 0, 472, 722, 592, 97, 0.73%, 7, 0, 5, 1515.95
1683467175, 0, 474, 723, 591, 97, 0.73%, 7, 0, 5, 1508.60
1683467180, 0, 474, 727, 595, 97, 0.73%, 7, 0, 5, 1503.50
1683467185, 0, 474, 729, 597, 97, 0.73%, 7, 0, 5, 1510.01
1683467190, 0, 474, 730, 598, 97, 0.73%, 7, 0, 5, 1510.59
1683467200, 0, 475, 731, 598, 97, 0.73%, 7, 0, 5, 1498.41
1683467211, 0, 479, 733, 598, 95, 0.74%, 7, 0, 5, 1506.67
1683467216, 0, 479, 737, 602, 95, 0.74%, 7, 0, 5, 1508.32
1683467226, 0, 479, 738, 603, 95, 0.74%, 7, 0, 5, 1510.42
1683467231, 0, 479, 739, 604, 95, 0.74%, 7, 0, 5, 1520.71
1683467236, 0, 481, 740, 604, 97, 0.74%, 7, 0, 5, 1503.81
1683467241, 0, 482, 742, 605, 96, 0.74%, 7, 0, 5, 1509.14
1683467246, 0, 485, 744, 606, 96, 0.74%, 8, 0, 5, 1514.02
1683467251, 0, 486, 750, 611, 95, 0.75%, 11, 0, 5, 1489.19
1683467256, 0, 486, 752, 613, 95, 0.75%, 12, 0, 5, 1496.98
1683467262, 0, 487, 754, 614, 96, 0.76%, 12, 0, 5, 1461.13
1683467272, 0, 495, 757, 616, 96, 0.76%, 16, 0, 5, 1457.82
1683467277, 0, 495, 767, 626, 96, 0.76%, 19, 0, 5, 1472.53
1683467282, 0, 495, 770, 629, 96, 0.76%, 21, 0, 5, 1476.67
1683467287, 0, 495, 775, 634, 96, 0.76%, 23, 0, 5, 1475.65
1683467292, 0, 495, 778, 637, 96, 0.76%, 25, 0, 5, 1469.98
1683467297, 0, 498, 780, 638, 99, 0.76%, 28, 0, 5, 1343.61
1683467302, 0, 498, 780, 638, 99, 0.76%, 30, 0, 5, 1424.98
1683467307, 0, 498, 781, 639, 99, 0.77%, 32, 0, 5, 1453.78
1683467312, 0, 502, 783, 640, 100, 0.77%, 32, 0, 5, 1457.32
1683467317, 0, 502, 788, 645, 100, 0.77%, 38, 0, 5, 1436.26
1683467322, 0, 502, 790, 647, 100, 0.77%, 45, 0, 5, 1438.35
1683467327, 0, 502, 791, 648, 100, 0.77%, 47, 0, 5, 1434.41
1683467333, 0, 502, 792, 649, 100, 0.77%, 52, 0, 5, 1436.75
1683467338, 0, 503, 792, 648, 100, 0.77%, 57, 0, 5, 1446.81
1683467343, 0, 506, 792, 647, 99, 0.77%, 57, 0, 5, 1428.53
1683467348, 0, 519, 792, 646, 98, 0.77%, 57, 0, 5, 1411.91
1683467353, 0, 519, 795, 649, 98, 0.77%, 57, 0, 5, 1459.75
1683467358, 0, 519, 797, 651, 98, 0.77%, 57, 0, 5, 1470.61
1683467363, 0, 519, 798, 652, 98, 0.77%, 57, 0, 5, 1439.75
1683467368, 0, 524, 798, 651, 97, 0.77%, 57, 0, 5, 1486.49
1683467373, 0, 530, 799, 650, 96, 0.77%, 57, 0, 5, 1496.48
1683467378, 0, 532, 800, 650, 96, 0.77%, 57, 0, 5, 1509.18
1683467383, 0, 542, 800, 649, 95, 0.77%, 57, 0, 5, 1328.35
1683467388, 0, 544, 801, 649, 94, 0.77%, 57, 0, 5, 1301.42
1683467394, 0, 544, 808, 656, 94, 0.77%, 57, 0, 5, 1442.96
1683467399, 0, 544, 809, 657, 94, 0.77%, 57, 0, 5, 1444.80
1683467409, 0, 544, 811, 659, 94, 0.77%, 57, 0, 5, 1446.91
1683467414, 0, 546, 812, 659, 93, 0.77%, 57, 0, 5, 1415.46
1683467419, 0, 548, 813, 659, 92, 0.77%, 57, 0, 5, 1415.25
1683467424, 0, 548, 819, 665, 92, 0.78%, 57, 0, 5, 1345.20
1683467429, 0, 548, 825, 671, 92, 0.78%, 57, 0, 5, 1398.71
1683467434, 0, 548, 827, 673, 92, 0.78%, 57, 0, 5, 1437.92
1683467439, 0, 551, 828, 673, 94, 0.78%, 57, 0, 5, 1332.24
1683467445, 0, 551, 832, 677, 94, 0.78%, 57, 0, 5, 1407.50
1683467450, 0, 551, 833, 678, 94, 0.78%, 57, 0, 5, 1396.63
1683467455, 0, 553, 835, 679, 95, 0.78%, 57, 0, 5, 1309.28
1683467470, 0, 560, 835, 678, 94, 0.78%, 57, 0, 5, 1272.87
1683467480, 0, 560, 837, 680, 94, 0.78%, 58, 0, 5, 1242.07
1683467485, 0, 560, 838, 681, 94, 0.78%, 59, 0, 5, 1283.34
1683467490, 0, 561, 839, 681, 93, 0.78%, 59, 0, 5, 1339.14
1683467496, 0, 561, 841, 683, 93, 0.78%, 59, 0, 5, 1314.66
1683467501, 0, 561, 845, 687, 93, 0.78%, 59, 0, 5, 1315.01
1683467511, 0, 562, 845, 686, 94, 0.78%, 59, 0, 5, 1339.29
1683467516, 0, 564, 845, 685, 93, 0.78%, 59, 0, 5, 1325.26
1683467521, 0, 564, 846, 686, 93, 0.78%, 60, 0, 5, 1357.11
1683467526, 0, 564, 848, 688, 93, 0.78%, 60, 0, 5, 1385.20
1683467531, 0, 564, 848, 688, 93, 0.78%, 61, 0, 5, 1402.04
1683467536, 0, 566, 850, 689, 92, 0.78%, 61, 0, 5, 1353.04
1683467541, 0, 566, 851, 690, 92, 0.78%, 62, 0, 5, 1389.44
1683467546, 0, 566, 853, 692, 92, 0.79%, 62, 0, 5, 1324.54
1683467551, 0, 566, 854, 693, 92, 0.79%, 62, 0, 5, 1271.19
1683467557, 0, 570, 856, 694, 95, 0.79%, 62, 0, 5, 1451.32
1683467562, 0, 570, 857, 695, 95, 0.79%, 62, 0, 5, 1499.82
1683467567, 0, 572, 857, 694, 94, 0.79%, 62, 0, 5, 1520.39
1683467572, 0, 573, 859, 695, 93, 0.79%, 62, 0, 5, 1496.32
1683467582, 0, 573, 864, 700, 93, 0.79%, 62, 0, 5, 1489.35
1683467587, 0, 573, 867, 703, 93, 0.79%, 62, 0, 5, 1489.39
1683467598, 0, 573, 870, 706, 93, 0.79%, 62, 0, 5, 1471.29
1683467603, 0, 576, 871, 706, 98, 0.80%, 62, 0, 5, 1463.33
1683467613, 0, 579, 872, 706, 97, 0.80%, 62, 0, 5, 1433.89
1683467618, 0, 579, 873, 707, 97, 0.80%, 62, 0, 5, 1427.60
1683467623, 0, 579, 875, 709, 97, 0.80%, 62, 0, 5, 1452.92
1683467628, 0, 579, 877, 711, 97, 0.80%, 62, 0, 5, 1447.63
1683467633, 0, 579, 879, 713, 97, 0.80%, 62, 0, 5, 1428.07
