# unix_time, cycles_done, cur_path, paths_total, pending_total, pending_favs, map_size, unique_crashes, unique_hangs, max_depth, execs_per_sec
1683240577, 0, 0, 1, 1, 1, 0.06%, 0, 0, 1, 800.00
1683240582, 0, 0, 73, 73, 1, 0.17%, 0, 0, 2, 1023.23
1683240587, 0, 0, 97, 97, 1, 0.18%, 0, 0, 2, 1019.54
1683240593, 0, 0, 108, 108, 1, 0.18%, 0, 0, 2, 1047.05
1683240598, 0, 0, 116, 116, 1, 0.18%, 0, 0, 2, 1045.76
1683240603, 0, 0, 121, 121, 1, 0.18%, 0, 0, 2, 1054.39
1683240608, 0, 0, 122, 122, 1, 0.18%, 0, 0, 2, 1102.82
1683240613, 0, 2, 129, 128, 19, 0.18%, 0, 0, 3, 1074.50
1683240618, 0, 2, 136, 135, 19, 0.18%, 0, 0, 3, 1107.93
1683240623, 0, 2, 139, 138, 19, 0.18%, 0, 0, 3, 1085.32
1683240628, 0, 2, 142, 141, 19, 0.18%, 0, 0, 3, 1146.23
1683240633, 0, 2, 143, 142, 19, 0.18%, 0, 0, 3, 1147.97
1683240638, 0, 2, 145, 144, 19, 0.18%, 0, 0, 3, 1115.00
1683240643, 0, 7, 148, 144, 22, 0.19%, 0, 0, 3, 1082.32
1683240648, 0, 14, 149, 142, 19, 0.19%, 0, 0, 3, 1096.39
1683240653, 0, 44, 150, 140, 16, 0.19%, 0, 0, 3, 1110.30
1683240658, 0, 58, 157, 145, 17, 0.22%, 0, 0, 3, 1025.00
1683240664, 0, 58, 169, 157, 17, 0.23%, 0, 0, 3, 1021.84
1683240669, 0, 58, 175, 163, 17, 0.24%, 0, 0, 3, 1061.45
1683240674, 0, 58, 181, 169, 17, 0.24%, 0, 0, 3, 983.01
1683240679, 0, 58, 183, 171, 17, 0.24%, 0, 0, 3, 1007.34
1683240684, 0, 58, 186, 174, 17, 0.24%, 0, 0, 3, 1008.60
1683240689, 0, 65, 188, 174, 17, 0.24%, 0, 0, 3, 1066.74
1683240694, 0, 124, 193, 177, 15, 0.25%, 0, 0, 3, 1063.75
1683240699, 0, 124, 196, 180, 15, 0.25%, 0, 0, 3, 1023.47
1683240709, 0, 124, 198, 182, 15, 0.26%, 0, 0, 3, 1063.88
1683240714, 0, 124, 200, 184, 15, 0.26%, 0, 0, 3, 1117.40
1683240719, 0, 124, 201, 185, 15, 0.26%, 0, 0, 3, 1116.22
1683240724, 0, 128, 202, 185, 22, 0.26%, 0, 0, 3, 1123.63
1683240729, 0, 131, 203, 185, 21, 0.26%, 0, 0, 4, 1053.77
1683240734, 0, 131, 205, 187, 21, 0.26%, 0, 0, 4, 1095.83
1683240739, 0, 132, 207, 188, 20, 0.26%, 0, 0, 4, 1043.05
1683240744, 0, 132, 208, 189, 20, 0.26%, 0, 0, 4, 967.96
1683240749, 0, 132, 213, 194, 20, 0.27%, 0, 0, 4, 1013.75
1683240754, 0, 132, 218, 199, 20, 0.27%, 0, 0, 4, 1032.28
1683240759, 0, 132, 224, 205, 20, 0.27%, 0, 0, 4, 974.34
1683240764, 0, 132, 227, 208, 20, 0.27%, 0, 0, 4, 987.16
1683240775, 0, 132, 228, 209, 20, 0.27%, 0, 0, 4, 1005.82
1683240780, 0, 139, 229, 209, 23, 0.27%, 0, 0, 4, 957.60
