# unix_time, cycles_done, cur_path, paths_total, pending_total, pending_favs, map_size, unique_crashes, unique_hangs, max_depth, execs_per_sec
1683217314, 0, 0, 1, 1, 1, 0.18%, 0, 0, 1, 32.39
1683217360, 0, 0, 6, 6, 1, 0.20%, 0, 0, 2, 33.88
1683217366, 0, 0, 16, 16, 1, 0.20%, 0, 0, 2, 31.98
1683217371, 0, 0, 20, 20, 1, 0.21%, 0, 0, 2, 34.36
1683217376, 0, 0, 30, 30, 1, 0.22%, 0, 0, 2, 31.36
1683217381, 0, 0, 31, 31, 1, 0.22%, 0, 0, 2, 31.84
1683217386, 0, 0, 34, 34, 1, 0.22%, 0, 0, 2, 30.77
1683217396, 0, 0, 39, 39, 1, 0.22%, 0, 0, 2, 33.62
1683217401, 0, 0, 44, 44, 1, 0.22%, 0, 0, 2, 35.01
1683217406, 0, 0, 54, 54, 1, 0.22%, 0, 0, 2, 44.83
1683217412, 0, 0, 56, 56, 1, 0.22%, 0, 0, 2, 34.29
1683217417, 0, 0, 60, 60, 1, 0.22%, 0, 0, 2, 37.10
1683217422, 0, 0, 61, 61, 1, 0.23%, 0, 0, 2, 34.27
1683217427, 0, 0, 62, 62, 1, 0.23%, 0, 0, 2, 32.93
1683217432, 0, 0, 65, 65, 1, 0.25%, 0, 0, 2, 35.14
1683217437, 0, 0, 67, 67, 1, 0.25%, 0, 0, 2, 33.80
1683217447, 0, 0, 68, 68, 1, 0.25%, 0, 0, 2, 31.24
1683217453, 0, 0, 71, 71, 1, 0.25%, 0, 0, 2, 35.14
1683217463, 0, 0, 73, 73, 1, 0.26%, 0, 0, 2, 31.18
1683217468, 0, 0, 77, 77, 1, 0.27%, 0, 0, 2, 31.06
1683217473, 0, 0, 80, 80, 1, 0.27%, 0, 0, 2, 31.29
1683217478, 0, 0, 85, 85, 1, 0.27%, 0, 0, 2, 30.64
1683217483, 0, 0, 88, 88, 1, 0.27%, 0, 0, 2, 31.23
1683217503, 0, 0, 90, 90, 1, 0.27%, 0, 0, 2, 32.55
1683217523, 0, 0, 91, 91, 1, 0.27%, 0, 0, 2, 32.21
1683217549, 0, 0, 92, 92, 1, 0.27%, 0, 0, 2, 34.00
1683217691, 0, 0, 93, 93, 1, 0.27%, 0, 0, 2, 36.41
1683217731, 0, 0, 94, 94, 1, 0.27%, 0, 0, 2, 36.59
1683217736, 0, 0, 96, 96, 1, 0.27%, 0, 0, 2, 35.85
1683217741, 0, 0, 97, 97, 1, 0.27%, 0, 0, 2, 36.45
1683217762, 0, 0, 99, 99, 1, 0.27%, 0, 0, 2, 36.84
1683217767, 0, 0, 100, 100, 1, 0.27%, 0, 0, 2, 36.09
1683217792, 0, 0, 101, 101, 1, 0.27%, 0, 0, 2, 36.30
1683217915, 0, 0, 102, 102, 1, 0.27%, 0, 0, 2, 36.94
1683217926, 0, 0, 103, 103, 1, 0.27%, 0, 0, 2, 36.94
1683217931, 0, 0, 106, 106, 1, 0.28%, 0, 0, 2, 37.30
1683217936, 0, 0, 108, 108, 1, 0.30%, 0, 0, 2, 37.31
1683217982, 0, 0, 109, 109, 1, 0.30%, 0, 0, 2, 37.27
1683217987, 0, 0, 111, 111, 1, 0.30%, 0, 0, 2, 37.65
1683217992, 0, 0, 112, 112, 1, 0.30%, 0, 0, 2, 37.81
1683217997, 0, 0, 114, 114, 1, 0.30%, 0, 0, 2, 40.37
1683218002, 0, 0, 115, 115, 1, 0.30%, 0, 0, 2, 39.02
1683218007, 0, 0, 116, 116, 1, 0.30%, 0, 0, 2, 40.32
1683218012, 0, 0, 117, 117, 1, 0.30%, 0, 0, 2, 38.68
1683218022, 0, 0, 125, 125, 1, 0.31%, 0, 0, 2, 58.52
1683218058, 0, 0, 126, 126, 1, 0.31%, 0, 0, 2, 48.88
1683218094, 0, 0, 126, 126, 1, 0.31%, 1, 0, 2, 36.36
1683218109, 0, 0, 127, 127, 1, 0.31%, 1, 0, 2, 36.42
1683218130, 0, 0, 128, 128, 1, 0.31%, 1, 0, 2, 35.61
1683218226, 0, 0, 129, 129, 1, 0.31%, 1, 0, 2, 36.23
1683218353, 0, 0, 130, 130, 1, 0.31%, 1, 0, 2, 35.39
1683218383, 0, 0, 130, 130, 1, 0.31%, 2, 0, 2, 35.60
