448 11 3 a370594a7231f4532a0e275845e8b009a4811de99949c88577f79510ad1a471d 8
449 17 3 a370594a7231f4532a0e275845e8b009a4811de99949c88577f79510ad1a471d 9
873 17 3 a370594a7231f4532a0e275845e8b009a4811de99949c88577f79510ad1a471d 1
878 3 1 a370594a7231f4532a0e275845e8b009a4811de99949c88577f79510ad1a471d 2
880 9 1 a370594a7231f4532a0e275845e8b009a4811de99949c88577f79510ad1a471d 3
880 18 1 a370594a7231f4532a0e275845e8b009a4811de99949c88577f79510ad1a471d 4
981 8 1 a370594a7231f4532a0e275845e8b009a4811de99949c88577f79510ad1a471d 5
982 11 2 a370594a7231f4532a0e275845e8b009a4811de99949c88577f79510ad1a471d 6
982 20 2 a370594a7231f4532a0e275845e8b009a4811de99949c88577f79510ad1a471d 7
984 21 2 a370594a7231f4532a0e275845e8b009a4811de99949c88577f79510ad1a471d 10
990 9 2 a370594a7231f4532a0e275845e8b009a4811de99949c88577f79510ad1a471d 11
992 11 3 a370594a7231f4532a0e275845e8b009a4811de99949c88577f79510ad1a471d 12
992 25 2 a370594a7231f4532a0e275845e8b009a4811de99949c88577f79510ad1a471d 13
994 11 3 a370594a7231f4532a0e275845e8b009a4811de99949c88577f79510ad1a471d 14
996 13 3 a370594a7231f4532a0e275845e8b009a4811de99949c88577f79510ad1a471d 15
996 22 3 a370594a7231f4532a0e275845e8b009a4811de99949c88577f79510ad1a471d 16
998 23 3 a370594a7231f4532a0e275845e8b009a4811de99949c88577f79510ad1a471d 17
