# unix_time, cycles_done, cur_path, paths_total, pending_total, pending_favs, map_size, unique_crashes, unique_hangs, max_depth, execs_per_sec
1683542023, 0, 0, 1, 1, 1, 0.04%, 0, 0, 1, 135.59
1683542029, 0, 0, 13, 13, 1, 0.05%, 0, 0, 2, 163.19
1683542034, 0, 0, 15, 15, 1, 0.05%, 0, 0, 2, 172.13
1683542039, 0, 0, 19, 19, 1, 0.06%, 0, 0, 2, 176.81
1683542044, 0, 0, 21, 21, 1, 0.06%, 0, 0, 2, 170.92
1683542049, 0, 0, 23, 23, 1, 0.06%, 0, 0, 2, 168.34
1683542054, 0, 0, 24, 24, 1, 0.06%, 0, 0, 2, 177.74
1683542080, 0, 0, 25, 25, 1, 0.06%, 0, 0, 2, 180.75
1683542095, 0, 0, 26, 26, 1, 0.06%, 0, 0, 2, 189.90
1683542131, 0, 0, 28, 28, 1, 0.06%, 0, 0, 2, 173.64
1683542192, 0, 0, 29, 29, 1, 0.06%, 0, 0, 2, 263.50
1683542202, 0, 1, 29, 28, 9, 0.06%, 0, 0, 2, 239.84
1683542207, 0, 1, 30, 29, 9, 0.06%, 0, 0, 3, 280.53
1683542212, 0, 4, 30, 28, 8, 0.06%, 0, 0, 3, 264.71
1683542217, 0, 12, 32, 29, 7, 0.07%, 0, 0, 3, 262.06
1683542227, 0, 12, 33, 30, 7, 0.07%, 0, 0, 3, 259.21
1683542232, 0, 12, 34, 31, 7, 0.10%, 0, 0, 3, 240.99
1683542238, 0, 12, 36, 33, 7, 0.11%, 0, 0, 3, 247.12
1683542258, 0, 12, 37, 34, 7, 0.11%, 0, 0, 3, 205.02
1683542283, 0, 12, 38, 35, 7, 0.11%, 0, 0, 3, 180.16
1683542309, 0, 12, 39, 36, 7, 0.11%, 0, 0, 3, 196.61
1683542396, 0, 15, 39, 35, 8, 0.11%, 0, 0, 3, 195.91
1683542401, 0, 16, 39, 34, 7, 0.11%, 0, 0, 3, 212.22
1683542416, 0, 18, 39, 33, 6, 0.11%, 0, 0, 3, 201.14
1683542426, 0, 21, 39, 32, 5, 0.11%, 0, 0, 3, 165.11
1683542436, 0, 30, 40, 32, 4, 0.11%, 0, 0, 4, 194.18
1683542441, 0, 30, 41, 33, 4, 0.11%, 0, 0, 4, 183.89
1683542451, 0, 32, 45, 36, 4, 0.11%, 0, 0, 4, 166.23
1683542456, 0, 32, 46, 37, 4, 0.11%, 0, 0, 4, 152.57
1683542462, 0, 32, 48, 39, 4, 0.11%, 0, 0, 4, 159.42
1683542472, 0, 32, 49, 40, 4, 0.11%, 0, 0, 4, 181.11
1683542482, 0, 32, 51, 42, 4, 0.11%, 0, 0, 4, 166.84
1683542547, 0, 32, 52, 43, 4, 0.11%, 0, 0, 4, 163.39
1683542553, 0, 32, 53, 44, 4, 0.11%, 0, 0, 4, 156.40
1683542609, 0, 34, 55, 45, 6, 0.12%, 0, 0, 4, 186.83
1683542614, 0, 34, 56, 46, 6, 0.12%, 0, 0, 4, 196.40
1683542629, 0, 40, 57, 46, 6, 0.12%, 0, 0, 5, 185.83
1683542639, 0, 40, 58, 47, 6, 0.12%, 0, 0, 5, 166.48
1683542654, 0, 41, 59, 47, 6, 0.12%, 0, 0, 5, 168.39
1683542665, 0, 41, 61, 49, 6, 0.13%, 0, 0, 5, 225.67
1683542670, 0, 41, 63, 51, 6, 0.13%, 0, 0, 5, 319.22
1683542675, 0, 41, 64, 52, 6, 0.13%, 0, 0, 5, 260.12
1683542680, 0, 41, 65, 53, 6, 0.13%, 0, 0, 5, 251.24
1683542690, 0, 41, 66, 54, 6, 0.13%, 0, 0, 5, 311.99
1683542700, 0, 41, 67, 55, 6, 0.13%, 0, 0, 5, 194.16
1683542736, 0, 41, 68, 56, 6, 0.13%, 0, 0, 5, 178.43
1683542757, 0, 41, 69, 57, 6, 0.13%, 0, 0, 5, 191.65
1683542777, 0, 41, 70, 58, 6, 0.13%, 0, 0, 5, 188.60
1683542828, 0, 50, 70, 57, 7, 0.13%, 0, 0, 5, 179.05
1683542843, 0, 51, 70, 56, 6, 0.13%, 0, 0, 5, 201.99
1683542849, 0, 51, 71, 57, 6, 0.13%, 0, 0, 5, 193.83
1683542864, 0, 51, 72, 58, 6, 0.13%, 0, 0, 5, 229.43
1683542889, 0, 54, 72, 57, 6, 0.13%, 0, 0, 5, 239.61
1683542915, 0, 54, 74, 59, 6, 0.13%, 0, 0, 5, 187.16
1683542930, 0, 54, 75, 60, 6, 0.13%, 0, 0, 5, 190.79
1683542955, 0, 54, 76, 61, 6, 0.13%, 0, 0, 5, 192.37
1683542961, 0, 54, 77, 62, 6, 0.13%, 0, 0, 5, 218.52
1683543068, 0, 56, 77, 61, 6, 0.13%, 0, 0, 5, 241.99
1683543083, 0, 58, 77, 60, 5, 0.13%, 0, 0, 5, 196.32
1683543093, 0, 58, 78, 61, 5, 0.13%, 0, 0, 6, 213.12
1683543103, 0, 58, 79, 62, 5, 0.13%, 0, 0, 6, 207.26
1683543149, 0, 59, 79, 61, 4, 0.13%, 0, 0, 6, 204.43
1683543169, 0, 61, 79, 60, 3, 0.13%, 0, 0, 6, 209.07
1683543179, 0, 61, 81, 62, 3, 0.13%, 0, 0, 6, 206.76
1683543215, 0, 71, 81, 61, 2, 0.13%, 0, 0, 6, 190.13
1683543271, 0, 71, 83, 63, 2, 0.13%, 0, 0, 6, 209.81
1683543281, 0, 71, 84, 64, 2, 0.13%, 0, 0, 6, 201.39
1683543286, 0, 71, 85, 65, 2, 0.13%, 0, 0, 6, 206.40
1683543398, 0, 74, 85, 64, 1, 0.13%, 0, 0, 6, 179.02
1683543414, 1, 6, 85, 63, 0, 0.13%, 0, 0, 6, 186.63
1683543450, 1, 8, 85, 62, 0, 0.13%, 0, 0, 6, 198.40
1683543470, 1, 10, 85, 61, 0, 0.13%, 0, 0, 6, 173.86
1683543491, 1, 11, 85, 60, 0, 0.13%, 0, 0, 6, 182.02
1683543496, 1, 12, 85, 59, 0, 0.13%, 0, 0, 6, 174.86
1683543501, 1, 14, 85, 59, 0, 0.13%, 0, 0, 6, 185.47
1683543521, 1, 14, 86, 60, 0, 0.13%, 0, 0, 6, 184.72
1683543531, 1, 18, 86, 59, 0, 0.13%, 0, 0, 6, 182.63
1683543536, 1, 22, 86, 59, 0, 0.13%, 0, 0, 6, 164.73
1683543572, 1, 24, 86, 58, 0, 0.13%, 0, 0, 6, 210.76
1683543587, 1, 28, 86, 57, 0, 0.13%, 0, 0, 6, 224.41
1683543643, 1, 28, 87, 58, 0, 0.13%, 0, 0, 6, 225.17
1683543648, 1, 32, 87, 57, 0, 0.13%, 0, 0, 6, 212.24
1683543653, 1, 42, 87, 57, 0, 0.13%, 0, 0, 6, 230.86
1683543673, 1, 48, 87, 56, 0, 0.13%, 0, 0, 6, 194.63
1683543683, 1, 48, 88, 57, 0, 0.13%, 0, 0, 6, 205.60
1683543704, 1, 48, 90, 59, 0, 0.13%, 0, 0, 6, 215.99
1683543734, 1, 50, 90, 58, 0, 0.13%, 0, 0, 6, 252.11
1683543739, 1, 53, 90, 58, 0, 0.13%, 0, 0, 6, 247.50
1683543755, 1, 53, 91, 59, 0, 0.13%, 0, 0, 6, 244.02
1683543765, 1, 58, 91, 58, 0, 0.13%, 0, 0, 6, 254.86
1683543770, 1, 58, 92, 59, 0, 0.13%, 0, 0, 6, 247.86
1683543775, 1, 62, 92, 59, 0, 0.13%, 0, 0, 6, 226.28
1683543806, 1, 67, 92, 58, 0, 0.13%, 0, 0, 6, 231.50
1683543842, 1, 68, 92, 57, 0, 0.13%, 0, 0, 6, 269.48
1683543862, 1, 69, 92, 56, 0, 0.13%, 0, 0, 6, 275.62
1683543867, 1, 69, 93, 57, 0, 0.13%, 0, 0, 6, 261.58
1683543882, 1, 69, 95, 59, 0, 0.13%, 0, 0, 6, 302.97
1683543908, 1, 71, 95, 58, 0, 0.13%, 0, 0, 6, 288.98
1683543913, 1, 75, 95, 58, 0, 0.13%, 0, 0, 6, 234.83
1683543959, 1, 78, 95, 57, 0, 0.13%, 0, 0, 6, 199.78
1683543974, 1, 78, 97, 59, 0, 0.13%, 0, 0, 7, 225.34
1683543990, 1, 78, 97, 59, 0, 0.13%, 0, 1, 7, 226.88
1683544025, 1, 82, 97, 58, 0, 0.13%, 0, 1, 7, 238.73
1683544086, 1, 86, 97, 57, 0, 0.13%, 0, 1, 7, 231.13
1683544193, 1, 91, 97, 56, 0, 0.13%, 0, 1, 7, 164.75
1683544310, 1, 94, 97, 55, 0, 0.13%, 0, 1, 7, 248.80
1683544422, 1, 96, 97, 54, 0, 0.13%, 0, 1, 7, 225.75
1683544427, 1, 96, 98, 55, 0, 0.13%, 0, 1, 8, 228.51
1683544473, 1, 96, 99, 56, 0, 0.13%, 0, 1, 8, 328.09
1683544478, 1, 96, 100, 57, 0, 0.13%, 0, 1, 8, 318.50
1683544529, 1, 99, 100, 56, 1, 0.13%, 0, 1, 8, 269.63
1683544605, 1, 99, 100, 56, 1, 0.13%, 0, 2, 8, 137.09
1683544610, 1, 99, 100, 56, 1, 0.13%, 0, 3, 8, 270.37
1683544620, 1, 99, 100, 56, 1, 0.13%, 0, 4, 8, 205.02
1683544630, 2, 1, 100, 55, 0, 0.13%, 0, 4, 8, 209.52
1683544635, 2, 9, 100, 55, 0, 0.13%, 0, 4, 8, 222.84
1683544645, 2, 18, 100, 54, 0, 0.13%, 0, 4, 8, 217.63
1683544650, 2, 23, 100, 54, 0, 0.13%, 0, 4, 8, 207.39
1683544676, 2, 31, 100, 53, 0, 0.13%, 0, 4, 8, 226.29
1683544696, 2, 39, 100, 52, 0, 0.13%, 0, 4, 8, 250.04
1683544711, 2, 46, 100, 51, 0, 0.13%, 0, 4, 8, 205.36
1683544732, 2, 50, 100, 50, 0, 0.13%, 0, 4, 8, 210.33
1683544737, 2, 52, 100, 50, 0, 0.13%, 0, 4, 8, 211.76
1683544767, 2, 55, 100, 49, 0, 0.13%, 0, 4, 8, 205.90
1683544793, 2, 58, 100, 48, 0, 0.13%, 0, 4, 8, 224.27
1683544798, 2, 60, 100, 48, 0, 0.13%, 0, 4, 8, 197.86
1683544833, 2, 61, 101, 48, 0, 0.13%, 0, 4, 8, 225.06
1683544838, 2, 70, 101, 48, 0, 0.13%, 0, 4, 8, 205.76
1683544864, 2, 71, 101, 47, 0, 0.13%, 0, 4, 8, 209.87
1683544869, 2, 72, 101, 47, 0, 0.13%, 0, 4, 8, 218.22
1683544894, 2, 72, 102, 48, 0, 0.13%, 0, 4, 8, 237.30
1683544909, 2, 73, 102, 47, 0, 0.13%, 0, 4, 8, 233.22
1683544935, 2, 77, 102, 46, 0, 0.13%, 0, 4, 8, 225.40
1683544955, 2, 85, 102, 45, 0, 0.13%, 0, 4, 8, 224.51
1683545031, 2, 87, 102, 44, 0, 0.13%, 0, 4, 8, 221.56
1683545072, 2, 89, 102, 43, 0, 0.13%, 0, 4, 8, 208.00
1683545280, 2, 95, 102, 42, 0, 0.13%, 0, 4, 8, 188.11
1683545331, 2, 101, 102, 41, 0, 0.13%, 0, 4, 8, 208.77
1683545361, 2, 101, 103, 42, 0, 0.13%, 0, 4, 8, 221.18
1683545397, 3, 18, 103, 41, 0, 0.13%, 0, 4, 8, 241.79
1683545402, 3, 27, 103, 41, 0, 0.13%, 0, 4, 8, 211.57
1683545407, 3, 30, 103, 40, 0, 0.13%, 0, 4, 8, 231.38
1683545412, 3, 33, 103, 40, 0, 0.13%, 0, 4, 8, 223.93
1683545438, 3, 50, 103, 39, 0, 0.13%, 0, 4, 8, 235.47
1683545443, 3, 56, 103, 39, 0, 0.13%, 0, 4, 8, 227.39
1683545448, 3, 59, 103, 39, 0, 0.13%, 0, 4, 8, 235.22
1683545453, 3, 61, 103, 39, 0, 0.13%, 0, 4, 8, 228.32
1683545458, 3, 66, 103, 39, 0, 0.13%, 0, 4, 8, 214.81
1683545483, 3, 71, 103, 38, 0, 0.13%, 0, 4, 8, 236.46
1683545488, 3, 81, 103, 38, 0, 0.13%, 0, 4, 8, 234.97
1683545570, 3, 88, 103, 37, 0, 0.13%, 0, 4, 8, 237.72
1683545636, 3, 92, 103, 36, 0, 0.13%, 0, 4, 8, 217.97
1683545657, 3, 93, 103, 35, 0, 0.13%, 0, 4, 8, 230.03
1683545738, 3, 98, 103, 34, 0, 0.13%, 0, 4, 8, 221.73
1683545861, 3, 99, 103, 33, 0, 0.13%, 0, 4, 8, 209.15
1683545866, 3, 101, 103, 33, 0, 0.13%, 0, 4, 8, 223.75
1683545871, 4, 3, 103, 33, 0, 0.13%, 0, 4, 8, 217.48
1683545881, 4, 13, 103, 32, 0, 0.13%, 0, 4, 8, 222.51
1683545938, 4, 15, 103, 31, 0, 0.13%, 0, 4, 8, 223.68
1683545943, 4, 18, 103, 31, 0, 0.13%, 0, 4, 8, 216.00
1683545948, 4, 32, 103, 31, 0, 0.13%, 0, 4, 8, 220.47
1683545953, 4, 34, 103, 31, 0, 0.13%, 0, 4, 8, 220.45
1683545958, 4, 41, 103, 31, 0, 0.13%, 0, 4, 8, 205.16
1683545963, 4, 47, 103, 31, 0, 0.13%, 0, 4, 8, 216.17
1683545994, 4, 49, 103, 30, 0, 0.13%, 0, 4, 8, 236.06
1683546039, 4, 54, 103, 29, 0, 0.13%, 0, 4, 8, 239.59
1683546049, 4, 56, 103, 29, 0, 0.13%, 0, 4, 8, 226.18
1683546054, 4, 58, 103, 29, 0, 0.13%, 0, 4, 8, 237.70
1683546059, 4, 60, 103, 29, 0, 0.13%, 0, 4, 8, 231.82
1683546070, 4, 61, 103, 29, 0, 0.13%, 0, 4, 8, 227.15
1683546075, 4, 64, 103, 29, 0, 0.13%, 0, 4, 8, 227.44
1683546100, 4, 65, 103, 28, 0, 0.13%, 0, 4, 8, 238.64
1683546136, 4, 67, 103, 27, 0, 0.13%, 0, 4, 8, 207.98
1683546141, 4, 71, 103, 27, 0, 0.13%, 0, 4, 8, 206.33
1683546151, 4, 74, 103, 27, 0, 0.13%, 0, 4, 8, 206.52
1683546156, 4, 79, 103, 27, 0, 0.13%, 0, 4, 8, 184.99
1683546161, 4, 79, 104, 28, 0, 0.13%, 0, 4, 8, 190.65
1683546186, 4, 79, 105, 29, 0, 0.13%, 0, 4, 8, 221.27
1683546202, 4, 80, 105, 28, 0, 0.13%, 0, 4, 8, 241.48
1683546232, 4, 84, 105, 27, 0, 0.13%, 0, 4, 8, 231.16
1683546293, 4, 92, 105, 26, 0, 0.13%, 0, 4, 8, 221.77
1683546304, 4, 99, 105, 26, 0, 0.13%, 0, 4, 8, 221.07
1683546314, 4, 103, 105, 26, 0, 0.13%, 0, 4, 8, 204.15
1683546391, 5, 1, 105, 25, 0, 0.13%, 0, 4, 8, 209.04
1683546396, 5, 13, 105, 25, 0, 0.13%, 0, 4, 8, 218.70
1683546401, 5, 16, 105, 25, 0, 0.13%, 0, 4, 8, 225.56
1683546406, 5, 20, 105, 25, 0, 0.13%, 0, 4, 8, 217.22
1683546411, 5, 25, 105, 24, 0, 0.13%, 0, 4, 8, 222.95
1683546442, 5, 26, 105, 23, 0, 0.13%, 0, 4, 8, 229.50
1683546447, 5, 29, 105, 22, 0, 0.13%, 0, 4, 8, 215.67
1683546452, 5, 30, 105, 21, 0, 0.13%, 0, 4, 8, 227.91
1683546457, 5, 32, 105, 21, 0, 0.13%, 0, 4, 8, 244.31
1683546462, 5, 41, 105, 21, 0, 0.13%, 0, 4, 8, 221.46
1683546473, 5, 44, 105, 21, 0, 0.13%, 0, 4, 8, 212.95
1683546488, 5, 45, 105, 20, 0, 0.13%, 0, 4, 8, 212.33
1683546508, 5, 54, 105, 19, 0, 0.13%, 0, 4, 8, 212.97
1683546513, 5, 56, 105, 19, 0, 0.13%, 0, 4, 8, 208.03
1683546519, 5, 57, 105, 19, 0, 0.13%, 0, 4, 8, 192.71
1683546539, 5, 58, 105, 18, 0, 0.13%, 0, 4, 8, 210.58
1683546549, 5, 60, 105, 18, 0, 0.13%, 0, 4, 8, 219.73
1683546559, 5, 61, 105, 18, 0, 0.13%, 0, 4, 8, 234.89
1683546564, 5, 71, 105, 18, 0, 0.13%, 0, 4, 8, 224.56
1683546574, 5, 74, 105, 18, 0, 0.13%, 0, 4, 8, 224.34
1683546579, 5, 77, 105, 18, 0, 0.13%, 0, 4, 8, 207.24
1683546585, 5, 83, 105, 18, 0, 0.13%, 0, 4, 8, 206.11
1683546671, 5, 88, 105, 17, 0, 0.13%, 0, 4, 8, 258.95
1683546676, 5, 92, 105, 17, 0, 0.13%, 0, 4, 8, 231.36
1683546681, 5, 97, 105, 17, 0, 0.13%, 0, 4, 8, 248.84
1683546783, 5, 99, 105, 16, 0, 0.13%, 0, 4, 8, 203.38
1683546794, 5, 101, 105, 16, 0, 0.13%, 0, 4, 8, 224.35
1683546804, 5, 102, 105, 16, 0, 0.13%, 0, 4, 8, 236.00
1683546895, 6, 1, 105, 15, 0, 0.13%, 0, 4, 8, 230.74
1683546900, 6, 2, 106, 16, 0, 0.13%, 0, 4, 8, 216.89
1683546910, 6, 4, 106, 15, 0, 0.13%, 0, 4, 8, 211.69
1683546915, 6, 5, 106, 15, 0, 0.13%, 0, 4, 8, 218.27
1683546925, 6, 16, 106, 14, 0, 0.13%, 0, 4, 8, 208.26
1683546931, 6, 18, 106, 14, 0, 0.13%, 0, 4, 8, 216.98
1683546936, 6, 19, 106, 14, 0, 0.13%, 0, 4, 8, 192.25
1683546951, 6, 30, 106, 13, 0, 0.13%, 0, 4, 8, 208.92
1683546956, 6, 32, 106, 13, 0, 0.13%, 0, 4, 8, 204.94
1683546961, 6, 35, 106, 13, 0, 0.13%, 0, 4, 8, 208.54
1683546981, 6, 38, 106, 12, 0, 0.13%, 0, 4, 8, 238.27
1683546991, 6, 41, 106, 11, 0, 0.13%, 0, 4, 8, 236.62
1683547002, 6, 54, 106, 11, 0, 0.13%, 0, 4, 8, 226.31
1683547007, 6, 56, 106, 11, 0, 0.13%, 0, 4, 8, 209.83
1683547012, 6, 58, 106, 11, 0, 0.13%, 0, 4, 8, 213.74
1683547022, 6, 59, 106, 11, 0, 0.13%, 0, 4, 8, 210.46
1683547027, 6, 60, 106, 11, 0, 0.13%, 0, 4, 8, 230.66
1683547037, 6, 61, 106, 11, 0, 0.13%, 0, 4, 8, 233.71
1683547042, 6, 63, 106, 11, 0, 0.13%, 0, 4, 8, 216.11
1683547073, 6, 64, 106, 10, 0, 0.13%, 0, 4, 8, 228.13
1683547078, 6, 71, 106, 10, 0, 0.13%, 0, 4, 8, 207.54
1683547088, 6, 76, 106, 10, 0, 0.13%, 0, 4, 8, 241.83
1683547144, 6, 82, 106, 9, 0, 0.13%, 0, 4, 8, 231.57
1683547154, 6, 92, 106, 9, 0, 0.13%, 0, 4, 8, 248.67
1683547159, 6, 99, 106, 9, 0, 0.13%, 0, 4, 8, 248.32
1683547169, 7, 1, 106, 9, 0, 0.13%, 0, 4, 8, 223.61
1683547175, 7, 10, 106, 9, 0, 0.13%, 0, 4, 8, 242.38
1683547180, 7, 16, 106, 9, 0, 0.13%, 0, 4, 8, 230.52
1683547185, 7, 17, 106, 9, 0, 0.13%, 0, 4, 8, 212.09
1683547195, 7, 18, 106, 8, 0, 0.13%, 0, 4, 8, 252.45
1683547200, 7, 32, 106, 8, 0, 0.13%, 0, 4, 8, 249.33
1683547205, 7, 36, 106, 8, 0, 0.13%, 0, 4, 8, 231.01
1683547235, 7, 37, 106, 7, 0, 0.13%, 0, 4, 8, 207.00
1683547251, 7, 41, 106, 6, 0, 0.13%, 0, 4, 8, 235.58
1683547256, 7, 45, 106, 6, 0, 0.13%, 0, 4, 8, 228.84
1683547261, 7, 54, 106, 6, 0, 0.13%, 0, 4, 8, 228.24
1683547266, 7, 56, 106, 6, 0, 0.13%, 0, 4, 8, 222.25
1683547271, 7, 58, 106, 6, 0, 0.13%, 0, 4, 8, 231.07
1683547281, 7, 60, 106, 6, 0, 0.13%, 0, 4, 8, 204.27
1683547292, 7, 61, 106, 6, 0, 0.13%, 0, 4, 8, 216.57
1683547302, 7, 71, 106, 6, 0, 0.13%, 0, 4, 8, 224.44
1683547312, 7, 92, 106, 6, 0, 0.13%, 0, 4, 8, 219.32
1683547322, 7, 99, 106, 6, 0, 0.13%, 0, 4, 8, 207.42
1683547332, 7, 100, 106, 6, 0, 0.13%, 0, 4, 8, 218.95
1683547363, 8, 4, 106, 5, 0, 0.13%, 0, 4, 8, 249.23
1683547368, 8, 16, 106, 5, 0, 0.13%, 0, 4, 8, 253.43
1683547373, 8, 18, 106, 5, 0, 0.13%, 0, 4, 8, 249.75
1683547378, 8, 32, 106, 5, 0, 0.13%, 0, 4, 8, 241.98
1683547383, 8, 39, 106, 5, 0, 0.13%, 0, 4, 8, 255.36
1683547389, 8, 41, 106, 5, 0, 0.13%, 0, 4, 8, 274.56
1683547399, 8, 54, 106, 5, 0, 0.13%, 0, 4, 8, 221.27
1683547404, 8, 56, 106, 5, 0, 0.13%, 0, 4, 8, 221.51
1683547409, 8, 58, 106, 5, 0, 0.13%, 0, 4, 8, 214.25
1683547419, 8, 60, 106, 5, 0, 0.13%, 0, 4, 8, 212.67
1683547429, 8, 61, 106, 5, 0, 0.13%, 0, 4, 8, 222.81
1683547434, 8, 71, 107, 6, 0, 0.14%, 0, 4, 8, 223.88
1683547450, 8, 106, 107, 6, 1, 0.14%, 0, 4, 8, 211.34
1683547460, 8, 106, 108, 7, 1, 0.15%, 0, 4, 8, 232.50
1683547465, 8, 106, 109, 8, 1, 0.15%, 0, 4, 8, 226.54
1683547470, 8, 106, 110, 9, 1, 0.15%, 0, 4, 8, 210.94
1683547485, 8, 106, 111, 10, 1, 0.15%, 0, 4, 8, 253.01
1683547628, 8, 107, 111, 9, 3, 0.15%, 0, 4, 8, 219.28
1683547638, 8, 107, 112, 10, 3, 0.15%, 0, 4, 8, 211.51
1683547679, 8, 107, 113, 11, 3, 0.15%, 0, 4, 8, 228.63
1683547791, 8, 109, 113, 10, 2, 0.15%, 0, 4, 8, 226.91
1683547847, 8, 111, 113, 9, 1, 0.15%, 0, 4, 8, 228.97
1683547857, 8, 111, 115, 11, 1, 0.15%, 0, 4, 9, 254.87
1683547893, 8, 111, 117, 13, 1, 0.15%, 0, 4, 9, 233.30
1683547928, 8, 111, 118, 14, 1, 0.15%, 0, 4, 9, 208.65
1683547994, 8, 113, 118, 13, 2, 0.15%, 0, 4, 9, 184.51
1683548111, 8, 114, 118, 12, 1, 0.15%, 0, 4, 9, 174.62
1683548152, 8, 114, 120, 14, 1, 0.15%, 0, 4, 10, 200.60
1683548157, 8, 114, 121, 15, 1, 0.15%, 0, 4, 10, 197.55
1683548285, 8, 115, 121, 14, 1, 0.15%, 0, 4, 10, 211.64
1683548306, 8, 115, 123, 16, 1, 0.15%, 0, 4, 10, 231.04
1683548351, 8, 115, 124, 17, 1, 0.15%, 0, 4, 10, 209.96
1683548443, 9, 0, 124, 16, 0, 0.15%, 0, 4, 10, 192.23
1683548448, 9, 4, 124, 16, 0, 0.15%, 0, 4, 10, 186.27
1683548453, 9, 7, 124, 16, 0, 0.15%, 0, 4, 10, 188.93
1683548468, 9, 16, 124, 15, 0, 0.15%, 0, 4, 10, 176.83
1683548473, 9, 30, 124, 15, 0, 0.15%, 0, 4, 10, 210.90
1683548478, 9, 32, 124, 15, 0, 0.15%, 0, 4, 10, 235.53
1683548484, 9, 41, 124, 15, 0, 0.15%, 0, 4, 10, 226.02
1683548489, 9, 42, 124, 15, 0, 0.15%, 0, 4, 10, 224.16
1683548494, 9, 53, 124, 15, 0, 0.15%, 0, 4, 10, 216.42
1683548499, 9, 54, 125, 16, 0, 0.15%, 0, 4, 10, 223.20
1683548504, 9, 56, 125, 16, 0, 0.15%, 0, 4, 10, 200.83
1683548509, 9, 58, 125, 16, 0, 0.15%, 0, 4, 10, 200.00
1683548524, 9, 60, 125, 16, 0, 0.15%, 0, 4, 10, 203.12
1683548534, 9, 71, 125, 16, 0, 0.15%, 0, 4, 10, 208.24
1683548545, 9, 92, 125, 16, 0, 0.15%, 0, 4, 10, 205.37
1683548555, 9, 99, 125, 16, 0, 0.15%, 0, 4, 10, 194.72
1683548565, 9, 107, 125, 16, 0, 0.15%, 0, 4, 10, 207.31
1683548590, 9, 109, 125, 16, 0, 0.15%, 0, 4, 10, 229.92
1683548620, 9, 112, 125, 16, 0, 0.15%, 0, 4, 10, 184.44
1683548759, 9, 113, 125, 15, 0, 0.15%, 0, 4, 10, 217.03
1683548799, 9, 115, 125, 15, 0, 0.15%, 0, 4, 10, 200.01
1683548820, 9, 115, 126, 16, 0, 0.15%, 0, 4, 10, 174.89
1683548845, 9, 118, 126, 16, 0, 0.15%, 0, 4, 10, 218.54
1683548968, 9, 118, 127, 17, 0, 0.15%, 0, 4, 11, 194.70
1683548993, 10, 1, 127, 16, 0, 0.15%, 0, 4, 11, 206.97
1683548998, 10, 4, 127, 16, 0, 0.15%, 0, 4, 11, 206.88
1683549003, 10, 16, 127, 16, 0, 0.15%, 0, 4, 11, 207.75
1683549008, 10, 24, 127, 16, 0, 0.15%, 0, 4, 11, 206.06
1683549014, 10, 30, 127, 16, 0, 0.15%, 0, 4, 11, 200.57
1683549019, 10, 32, 127, 16, 0, 0.15%, 0, 4, 11, 198.86
1683549024, 10, 41, 127, 16, 0, 0.15%, 0, 4, 11, 198.17
1683549029, 10, 42, 127, 16, 0, 0.15%, 0, 4, 11, 208.48
1683549039, 10, 47, 127, 16, 0, 0.15%, 0, 4, 11, 198.79
1683549050, 10, 54, 127, 16, 0, 0.15%, 0, 4, 11, 198.59
1683549055, 10, 56, 127, 16, 0, 0.15%, 0, 4, 11, 202.09
1683549060, 10, 58, 127, 16, 0, 0.15%, 0, 4, 11, 197.76
1683549070, 10, 60, 127, 16, 0, 0.15%, 0, 4, 11, 186.18
1683549085, 10, 65, 127, 16, 0, 0.15%, 0, 4, 11, 184.34
1683549090, 10, 71, 127, 16, 0, 0.15%, 0, 4, 11, 182.05
1683549106, 10, 73, 127, 16, 0, 0.15%, 0, 4, 11, 193.11
1683549111, 10, 74, 127, 16, 0, 0.15%, 0, 4, 11, 189.61
1683549116, 10, 75, 127, 16, 0, 0.15%, 0, 4, 11, 189.12
1683549121, 10, 92, 127, 16, 0, 0.15%, 0, 4, 11, 192.23
1683549131, 10, 99, 127, 16, 0, 0.15%, 0, 5, 11, 185.51
1683549141, 10, 102, 127, 16, 0, 0.15%, 0, 5, 11, 213.77
1683549156, 10, 104, 127, 16, 0, 0.15%, 0, 5, 11, 182.80
1683549275, 10, 107, 127, 15, 0, 0.15%, 0, 5, 11, 182.53
1683549280, 10, 109, 128, 16, 0, 0.15%, 0, 5, 11, 190.51
1683549290, 10, 110, 128, 16, 0, 0.15%, 0, 5, 11, 175.15
1683549565, 10, 113, 128, 15, 0, 0.15%, 0, 5, 11, 211.58
1683549575, 10, 115, 128, 15, 0, 0.15%, 0, 5, 11, 202.59
1683549585, 10, 116, 128, 15, 0, 0.15%, 0, 5, 11, 204.02
1683549717, 10, 119, 128, 14, 0, 0.15%, 0, 5, 11, 189.27
1683549865, 10, 121, 128, 13, 0, 0.15%, 0, 5, 11, 283.80
